Specification of which SVCs are contained in each TC
TC-ID[-]	SVC-ID[-]	fraction[-]
13	83	0.00758586708821778
13	89	0.0293272290541789
13	91	0.0487692212938061
13	93	0.078332546346671
13	95	0.00147816625264325
13	97	0.0315239483463015
13	99	5.13252171056684e-05
13	101	0.0124514976698351
13	107	0.00321295859081484
13	109	0.00345931963292205
13	111	0.00584080970662506
13	113	8.21203473690694e-05
13	115	0.0169270566014494
13	118	0.00457820936582562
13	123	0.000482457040793283
13	125	0.00140631094869531
13	127	0.00759613213163892
13	129	9.23853907902031e-05
13	131	0.00197088833685767
13	133	0.00228910468291281
13	138	0.000153975651317005
13	140	0.00250467059475662
13	142	0.00720606048163584
13	144	2.05300868422673e-05
13	146	0.0106140548974522
13	148	0.00883820238559609
14	1	0.00446937611988923
14	3	0.00839916924580551
14	5	0.0163911060433295
14	7	0.00777813976217625
14	9	0.0115246782863659
14	11	0.000580306238801108
14	13	0.00162892979312592
14	19	0.000824645707769995
14	21	0.019536976706304
14	23	0.00766615083889884
14	25	0.000559944616387034
14	27	0.00256556442417332
14	29	0.000223977846554814
14	31	0.00206670467502851
14	36	0.00144567519139925
14	38	0.0292087473529891
14	40	0.00592523212249552
14	42	0.000407232448281479
14	44	0.00235176738882554
14	46	2.0361622414074e-05
14	48	0.000325785958625183
14	53	0.215222348916762
14	55	0.0353579573220394
14	57	0.176759244176576
14	59	0.017348102296791
14	61	0.06607346473367
14	63	0.00649535755008959
14	65	0.00787994787424662
14	71	0.0156377260140088
14	73	0.00291171200521258
14	75	0.030837677146115
14	77	0.00115043166639518
14	79	0.0146909105717544
14	83	0.00664806971819515
14	89	0.0298705000814465
14	91	0.048745724059293
14	93	0.0783617038605636
14	95	0.00145585600260629
14	97	0.0299824890047239
14	99	5.09040560351849e-05
14	101	0.0132350545691481
14	107	0.00300333930607591
14	109	0.00314587066297443
14	111	0.00525329858283108
14	113	8.14464896562958e-05
14	115	0.0164318292881577
14	118	0.00466281153282294
14	123	0.000590487050008145
14	125	0.00134386707932888
14	127	0.00732000325785959
14	129	0.000122169734484444
14	131	0.00221941684313406
14	133	0.00239249063365369
14	138	0.000173073790519629
14	140	0.00243321387848184
14	142	0.00743199218113699
14	144	4.07232448281479e-05
14	146	0.0108629255579085
14	148	0.00904056035184884
15	1	0.00499006044869974
15	3	0.00843847620593127
15	5	0.0168870948111485
15	7	0.00819505862306787
15	9	0.0124447239238914
15	11	0.000456407967868879
15	13	0.00178506227433162
15	19	0.000851961540021908
15	21	0.0205180737555276
15	23	0.00798206823806239
15	25	0.000709967950018256
15	27	0.0029717229907907
15	29	0.000182563187147552
15	31	0.00247474542577792
15	36	0.00148079029575236
15	38	0.0290275467564607
15	40	0.0062274331615887
15	42	0.000486835165726804
15	44	0.00233275183577427
15	46	1.01423992859751e-05
15	48	0.000324556777151203
15	53	0.219856789322082
15	55	0.0316442857722423
15	57	0.180849121668222
15	59	0.0162278388575601
15	61	0.0675179520467362
15	63	0.00684611951803319
15	65	0.00776907785305692
15	71	0.0145239157775163
15	73	0.00291086859507485
15	75	0.0269280701042639
15	77	0.00125765751146091
15	79	0.0135299606474908
15	83	0.00554789240942837
15	89	0.0290884011521766
15	91	0.0483386749969573
15	93	0.0767982473934034
15	95	0.00112580632074323
15	97	0.028895695565743
15	99	1.01423992859751e-05
15	101	0.013043125481764
15	107	0.0026877358107834
15	109	0.0030122925879346
15	111	0.00445251328654306
15	113	8.11391942878007e-05
15	115	0.0151020325368169
15	118	0.00445251328654306
15	123	0.000709967950018256
15	125	0.00133879670574871
15	127	0.00763722666233924
15	129	0.000212990385005477
15	131	0.00237332143291817
15	133	0.0026877358107834
15	138	0.000344841575723153
15	140	0.00259645421720962
15	142	0.00848918820236115
15	144	5.07119964298754e-05
15	146	0.0116536167795854
15	148	0.00973670331453609
16	1	0.00356458766529751
16	3	0.0102328249357247
16	5	0.0163376934659469
16	7	0.00934167801940037
16	9	0.01010990811968
16	11	0.000501910332182695
16	13	0.00131111270447725
16	19	0.000583854876212523
16	21	0.0212441230397329
16	23	0.0080203222469194
16	25	0.000522396468190152
16	27	0.00343142778124904
16	29	5.12153400186424e-05
16	31	0.00279635756501787
16	36	0.00214080121277925
16	38	0.0221659991600684
16	40	0.00450694992164053
16	42	0.000399479652145411
16	44	0.00256076700093212
16	46	2.0486136007457e-05
16	48	0.000676042488246079
16	53	0.230182224179786
16	55	0.0680242146127608
16	57	0.189097278416831
16	59	0.0359634117610907
16	61	0.0580167371731181
16	63	0.00476302662173374
16	65	0.0105298739078329
16	71	0.00820469747098651
16	73	0.00312413574113719
16	75	0.0254949962612802
16	77	0.000624827148227437
16	79	0.0135618220369365
16	83	0.00619705614225573
16	89	0.0220942976840423
16	91	0.0396201870384217
16	93	0.059983406229834
16	95	0.00101406373236912
16	97	0.0270929148698618
16	99	0.000112673748041013
16	101	0.0094236225634302
16	107	0.00175156462863757
16	109	0.0025914962049433
16	111	0.00437379003759206
16	113	7.17014760260993e-05
16	115	0.013315988404847
16	118	0.00341094164524158
16	123	0.000532639536193881
16	125	0.00148524486054063
16	127	0.00682188329048317
16	129	0.000153646020055927
16	131	0.00200764132873078
16	133	0.0017618076966413
16	138	0.000348264312126768
16	140	0.00334948323721921
16	142	0.00528542308992389
16	146	0.00990504675960544
16	148	0.00796910690690075
17	1	0.00356012658227848
17	3	0.0109948068808828
17	5	0.0175064913988965
17	7	0.00999066861408634
17	9	0.0106296656929568
17	11	0.000456426484907498
17	13	0.00159242129178838
17	19	0.000628854268094774
17	21	0.0225068971113275
17	23	0.00893581629341123
17	25	0.000507140538786108
17	27	0.00348912690684843
17	29	4.05712431028887e-05
17	31	0.00333698474521259
17	36	0.00162284972411555
17	38	0.022415611814346
17	40	0.0043918370658877
17	42	0.000456426484907498
17	44	0.00265741642323921
17	46	3.04284323271665e-05
17	48	0.000811424862057774
17	53	0.241307611165206
17	55	0.0515153359298929
17	57	0.199864086335605
17	59	0.0273855890944499
17	61	0.0630375689711133
17	63	0.00586254462836741
17	65	0.0106195228821811
17	71	0.00813453424212918
17	73	0.00257627393703343
17	75	0.0227198961376177
17	77	0.000821567672833496
17	79	0.0128407984420643
17	83	0.00513226225251542
17	89	0.0211781888997079
17	91	0.0394453911067835
17	93	0.0603700097370983
17	95	0.00105485232067511
17	97	0.0257627393703343
17	99	0.000101428107757222
17	101	0.00978781239857189
17	107	0.00158227848101266
17	109	0.00206913339824732
17	111	0.00353984096072704
17	113	4.05712431028887e-05
17	115	0.0115222330412204
17	118	0.0033876987990912
17	123	0.000618711457319052
17	125	0.00150113599480688
17	127	0.0068159688412853
17	129	0.000111570918532944
17	131	0.00232270366764038
17	133	0.00188656280428432
17	138	0.000283998701720221
17	140	0.00312398571892243
17	142	0.00565968841285297
17	146	0.0106093800714054
17	148	0.00764767932489452
18	1	0.00376266866263427
18	3	0.011520644104141
18	5	0.0187526551089353
18	7	0.00997309489612202
18	9	0.0110857119737827
18	11	0.00041470272894625
18	13	0.00155766390872494
18	19	0.000556308538830336
18	21	0.0228895676976918
18	23	0.0108530738575446
18	25	0.000384358626828232
18	27	0.00384358626828232
18	29	7.08029049420428e-05
18	31	0.00386381566969433
18	36	0.00142617279954686
18	38	0.0225254384722756
18	40	0.00401553618028442
18	42	0.000515849736006312
18	44	0.00254890457791354
18	46	5.05735035300305e-05
18	48	0.000657455545890397
18	53	0.256670645115611
18	55	0.0405093763275545
18	57	0.206076912184168
18	59	0.0203811219226023
18	61	0.0658972750996298
18	63	0.00605870572289766
18	65	0.0111464001780187
18	71	0.00805130176198086
18	73	0.00206339894402525
18	75	0.0196730928731819
18	77	0.00120364938401473
18	79	0.0108227297554265
18	83	0.0041369125887565
18	89	0.0207553658487245
18	91	0.0373940485101046
18	93	0.0598082252746141
18	95	0.00138571399672284
18	97	0.0238706936661744
18	99	7.08029049420428e-05
18	101	0.0105900916391884
18	107	0.00159812271154897
18	109	0.0019925960390832
18	111	0.0029737220075658
18	113	5.05735035300305e-05
18	115	0.00913357473752352
18	118	0.00307486901462586
18	123	0.000536079137418324
18	125	0.00153743450731293
18	127	0.00719155220197034
18	129	6.06882042360367e-05
18	131	0.0028220014969757
18	133	0.00191167843343515
18	138	0.000374243926122226
18	140	0.00283211619768171
18	142	0.00673639067020007
18	144	3.03441021180183e-05
18	146	0.0107316974490725
18	148	0.00741407561750248
19	1	0.00355279680656655
19	3	0.00438995007707936
19	5	0.0106379720472481
19	7	0.00288919970189176
19	9	0.00990291063899297
19	11	0.000153137793386489
19	13	0.00153137793386489
19	19	0.000530877683739829
19	21	0.0142316055987177
19	23	0.00527814927872099
19	25	0.00133740339557534
19	27	0.00201120968647589
19	29	0.000112301048483425
19	31	0.00162326060989679
19	36	0.00130677583689804
19	38	0.0100968851772825
19	40	0.0023685312043777
19	42	0.000214392910741085
19	44	0.00241957713550653
19	46	3.06275586772978e-05
19	48	0.000418576635256404
19	53	0.12789047585017
19	55	0.0524037528968566
19	57	0.153576788394197
19	59	0.0289124153913692
19	61	0.0609998876989515
19	63	0.00565588916907433
19	65	0.0056660983553001
19	71	0.0205817194311441
19	73	0.00535982276852712
19	75	0.0497187369194802
19	77	0.00255229655644149
19	79	0.0304642116976856
19	83	0.0121387224224357
19	89	0.0416024338699962
19	91	0.0407652805994834
19	93	0.0811834488672908
19	95	0.00174577084460598
19	97	0.0401935661708405
19	99	0.000224602096966851
19	101	0.0160590499331298
1	1	0.00532523046814647
1	3	0.0101560488231962
1	5	0.0165525055363856
1	7	0.00981614049544214
1	9	0.0153576762630684
1	11	0.000195704794767472
1	13	0.00223515476129165
1	19	0.000628315393727146
1	21	0.0234227738579595
1	23	0.00863161147448113
1	25	0.00033990832775403
1	27	0.0025029613225524
1	29	4.12010094247309e-05
1	31	0.00336818252047175
1	36	0.00213215223772982
1	38	0.0394499665241798
1	40	0.00875521450275532
1	42	0.000813719936138435
1	44	0.004171602204254
1	46	4.12010094247309e-05
1	48	0.000463511356028223
1	53	0.197723644229284
1	55	0.0338157284853479
1	57	0.174259669361899
1	59	0.014090745223258
1	61	0.0653551011999794
1	63	0.00657156100324458
1	65	0.00759128598650667
1	71	0.0111448730493897
1	73	0.00359478807230777
1	75	0.0298398310758614
1	77	0.000412010094247309
1	79	0.0130916207447082
1	81	4.12010094247309e-05
1	83	0.00642735747025802
1	89	0.0244527990935778
1	91	0.0474944636143586
1	93	0.0726888808775815
1	95	0.00138023381572849
1	97	0.0324045939125509
1	99	8.24020188494618e-05
1	101	0.0126178091363238
1	107	0.00133903280630375
1	109	0.00340938352989648
1	111	0.00641705721790184
1	115	0.0255240253386208
1	118	0.00557243652469486
1	123	0.000494412113096771
1	125	0.000968223721481176
1	127	0.00689086882628624
1	129	8.24020188494618e-05
1	131	0.00160683936756451
1	133	0.00241025905134676
1	138	0.00033990832775403
1	140	0.00382139362414379
1	142	0.00659216150795695
1	146	0.0133388268012566
1	148	0.0109491682546222
2	1	0.00538085398039978
2	3	0.0109458436483418
2	5	0.0184442580354768
2	7	0.010199071137754
2	9	0.0157231417640199
2	11	0.000194365447961209
2	13	0.00264950794852385
2	19	0.000746772510587802
2	21	0.0244082083597602
2	23	0.00840886306442703
2	25	0.000317122572989341
2	27	0.00269042699019989
2	29	4.09190416760439e-05
2	31	0.00300754956318923
2	36	0.00215847944841132
2	38	0.0386889539046996
2	40	0.00820426785604681
2	42	0.000787691552263846
2	44	0.00441925650101275
2	46	2.0459520838022e-05
2	48	0.000460339218855494
2	53	0.199797450743704
2	55	0.0287660862982589
2	57	0.176882787405119
2	59	0.011211817419236
2	61	0.0665957403277615
2	63	0.00710968349121264
2	65	0.00768255007467725
2	71	0.010270679460687
2	73	0.0035394971049778
2	75	0.0277124209751008
2	77	0.000572866583464615
2	79	0.0129099576487919
2	81	3.0689281257033e-05
2	83	0.00569797655338912
2	89	0.0234670704012112
2	91	0.0483356179798269
2	93	0.0739509380690304
2	95	0.00154469382327066
2	97	0.0317429465801911
2	99	0.000173905927123187
2	101	0.0129201874092109
2	107	0.0016776807087178
2	109	0.00304846860486527
2	111	0.00681302043906132
2	115	0.0262495652351822
2	118	0.00559567894919901
2	123	0.000552407062626593
2	125	0.00108435460441516
2	127	0.0063322216993678
2	129	2.0459520838022e-05
2	131	0.00142193669824253
2	133	0.00279272459439
2	138	0.000265973770894286
2	140	0.00384638991754813
2	142	0.00608670744931154
2	146	0.0133702968676474
2	148	0.0112527364609121
3	1	0.00586980267254668
3	3	0.0111168958441797
3	5	0.019406078053063
3	7	0.010616686572954
3	9	0.0147408609724477
3	11	0.000173541992057902
3	13	0.00238875447891465
3	19	0.000867709960289509
3	21	0.0256535897671475
3	23	0.00841168243857124
3	25	0.000469584213803734
3	27	0.00319521432436019
3	29	2.04167049479885e-05
3	31	0.0026439632907645
3	36	0.00200083708490287
3	38	0.0383323635398483
3	40	0.00842189079104524
3	42	0.000520625976173705
3	44	0.00482855072019927
3	46	2.04167049479885e-05
3	48	0.000500209271225717
3	53	0.201992670402924
3	55	0.0278790106064782
3	57	0.178309292663257
3	59	0.0102491858838902
3	61	0.0668034585898182
3	63	0.00697230473973805
3	65	0.00787063975744955
3	71	0.00981022672750845
3	73	0.00284813034024439
3	75	0.026490674670015
3	77	0.000479792566277728
3	79	0.0116375218203534
3	83	0.00504292612215315
3	89	0.0240508784287304
3	91	0.0473463387743852
3	93	0.072418052450515
3	95	0.00177625333047499
3	97	0.0322583938178218
3	99	0.000153125287109913
3	101	0.0131993997488745
3	107	0.00138833593646321
3	109	0.00270521340560847
3	111	0.00676813769025817
3	115	0.0263273410304311
3	118	0.00513480129441909
3	123	0.000541042681121694
3	125	0.00101062689492543
3	127	0.00732959707632785
3	129	0.000132708582161925
3	131	0.00149041946120316
3	133	0.00272563011055646
3	138	0.000142916934635919
3	140	0.00400167416980574
3	142	0.00620667830418849
3	146	0.0130360661092906
3	148	0.012433773313325
4	1	0.00462147640467083
4	3	0.00727994705493051
4	5	0.0127314944643238
4	7	0.00454295617449439
4	9	0.0141224242560208
4	11	0.000482338556798169
4	13	0.00203030880884811
4	19	0.000762767950285477
4	21	0.0247002209783621
4	23	0.00911956387620725
4	25	0.000605727489932585
4	27	0.00315202638279734
4	29	0.000235560690529339
4	31	0.00391479433308282
4	36	0.00196300575441115
4	38	0.0267193126114707
4	40	0.00453173899875489
4	42	0.000314080920705785
4	44	0.0039372286845618
4	46	0.000123388933134415
4	48	0.000942242762117354
4	53	0.1537762622127
4	55	0.05611953022468
4	57	0.177489371725987
4	59	0.0290524851652851
4	61	0.0548071206631594
4	63	0.00501407755555306
4	65	0.0114751707815006
4	71	0.00996085205666917
4	73	0.00436348136266251
4	75	0.0310379252711752
4	77	0.00151431872483146
4	79	0.0193271937991452
4	83	0.00979259442057679
4	89	0.0318904306273766
4	91	0.0405613074740042
4	93	0.0735061526208931
4	95	0.00141336414317603
4	97	0.0360856543539468
4	99	0.0001458232846134
4	101	0.0124734994223154
4	107	0.00428496113248606
4	109	0.00435226418692302
4	111	0.00722386117623305
4	113	0.000370166799403246
4	115	0.0296694298309572
4	118	0.00770619973303122
4	123	0.000818853828982939
4	125	0.00141336414317603
4	127	0.008020280653737
4	129	0.000280429393487308
4	131	0.00386992563012485
4	133	0.00397088021178028
4	138	0.000639379017151062
4	140	0.00521598671886392
4	142	0.00784080584190512
4	146	0.0156143086293733
4	148	0.0112059585637528
5	1	0.00543172258470506
5	3	0.00693317435608695
5	5	0.0140540301835966
5	7	0.00512260016118526
5	9	0.0140540301835966
5	11	0.000540964241159651
5	13	0.00229633800328995
5	19	0.00107088839576502
5	21	0.0266728491151371
5	23	0.00927367270559401
5	25	0.000739685799136665
5	27	0.00373154925534616
5	29	0.000121440952097064
5	31	0.00332306605283785
5	36	0.00188785480078164
5	38	0.0239569878227845
5	40	0.00379778977467183
5	42	0.000220801731085572
5	44	0.00365426864946621
5	46	0.0001545612117599
5	48	0.00086112675123373
5	53	0.168825003588028
5	55	0.0378895770542841
5	57	0.19259430993939
5	59	0.0179953410834741
5	61	0.0610075182989435
5	63	0.00619348855695029
5	65	0.0114264895836783
5	71	0.0129389814416145
5	73	0.00474723721833979
5	75	0.031188244515837
5	77	0.00202033583943298
5	79	0.0188012674019364
5	83	0.00810342353084048
5	89	0.0317733691032138
5	91	0.0397553516819572
5	93	0.0754810717716027
5	95	0.00165601298314179
5	97	0.0341028273661666
5	99	9.93607789885073e-05
5	101	0.011967453824838
5	107	0.00374258934190044
5	109	0.00418419280407158
5	111	0.00622660881661312
5	113	0.000242881904194129
5	115	0.0266838892016913
5	118	0.0069110941829784
5	123	0.000695525452919551
5	125	0.00143521125205622
5	127	0.00748517868380088
5	129	0.000209761644531293
5	131	0.00352178761081487
5	133	0.00368738890912905
5	138	0.000750725885690944
5	140	0.00478035747800263
5	142	0.00766182006866934
5	146	0.0145508340785392
5	148	0.0100354386778392
6	1	0.00591849207115057
6	3	0.00678696645115636
6	5	0.0155789293104742
6	7	0.00518940246818274
6	9	0.0148712835193584
6	11	0.000300213365927927
6	13	0.00274480791705534
6	19	0.00100785915704376
6	21	0.0256682427868378
6	23	0.00800926372672006
6	25	0.000557539108151865
6	27	0.00376338898002509
6	29	5.3609529629987e-05
6	31	0.00364544801483912
6	36	0.00156539826519562
6	38	0.0179055828964157
6	40	0.00279841744668532
6	42	0.000192994306667953
6	44	0.00265903266964736
6	46	3.21657177779922e-05
6	48	0.000503929578521878
6	53	0.18070700247676
6	55	0.0474015460988345
6	57	0.18844821855533
6	59	0.0245853302883121
6	61	0.0602356674922534
6	63	0.00585416063559458
6	65	0.0105932430548854
6	71	0.0199213012105032
6	73	0.00523229009188673
6	75	0.0325195406735501
6	77	0.00262686695186936
6	79	0.0197497507156872
6	81	5.3609529629987e-05
6	83	0.00714078934671427
6	89	0.032905529286886
6	91	0.0364223144306132
6	93	0.0741205356664201
6	95	0.00172622685408558
6	97	0.0323372682728082
6	99	7.50533414819818e-05
6	101	0.0118048184245231
6	107	0.00321657177779922
6	109	0.00351678514372715
6	111	0.00466402907780887
6	113	0.000117940965185971
6	115	0.0213794804164388
6	118	0.00647603117930243
6	123	0.000611148637781852
6	125	0.000964971533339766
6	127	0.00602571113041054
6	129	9.64971533339767e-05
6	131	0.00271264219927734
6	133	0.00346317561409716
6	138	0.000857752474079792
6	140	0.00364544801483912
6	142	0.00560755679929664
6	144	1.07219059259974e-05
6	146	0.0121264756023031
6	148	0.00947816483858171
7	1	0.00342204095688013
7	3	0.00743594434340934
7	5	0.0103844953565702
7	7	0.00371259160416241
7	9	0.00794171769238219
7	11	0.000279789512197747
7	13	0.00156036458725666
7	19	0.000764040591001539
7	21	0.0165506257600052
7	23	0.00681179850850668
7	25	0.00152808118200308
7	27	0.00352965230772542
7	29	0.000236744971859632
7	31	0.00235668858351179
7	36	0.00170025934335554
7	38	0.0147857996061425
7	40	0.00365878592873976
7	42	0.000258267242028689
7	44	0.00293778987807634
7	48	0.000441206538465677
7	53	0.136408148331486
7	55	0.0404726290529125
7	57	0.196573654589086
7	59	0.0198004885555328
7	61	0.0798691445973721
7	63	0.0111700582177408
7	65	0.00744670547849387
7	71	0.020801274118394
7	73	0.00615536926835043
7	75	0.0382343129553305
7	77	0.00200157112572234
7	79	0.0204676789307736
7	83	0.00973882725149849
7	89	0.0294962712666932
7	91	0.037491794634498
7	93	0.0655460737998644
7	95	0.00125905280488986
7	97	0.0392028151129381
7	99	3.22834052535861e-05
7	101	0.0127949896155046
7	107	0.00413227587245903
7	109	0.00414303700754356
7	111	0.00656429240156252
7	113	0.000591862429649079
7	115	0.0421836495313526
7	117	1.07611350845287e-05
7	118	0.0108795075704585
7	123	0.000731757185747953
7	125	0.00270104490621671
7	127	0.00895326439032789
7	129	0.000172178161352459
7	131	0.00218451042215933
7	133	0.004498154465333
7	138	0.000365878592873976
7	140	0.00244277766418802
7	142	0.00591862429649079
7	146	0.0198004885555328
7	148	0.0154314677112142
8	1	0.00378477259824639
8	3	0.0078428898841439
8	5	0.0111650791648268
8	7	0.00378477259824639
8	9	0.0078428898841439
8	11	0.000325910973737883
8	13	0.00214470447233962
8	19	0.00087260034904014
8	21	0.0177358649256713
8	23	0.00766416451144894
8	25	0.00170314766921087
8	27	0.00301730482137976
8	29	9.46193149561597e-05
8	31	0.00235496961668664
8	36	0.00136672343825564
8	38	0.0140036586135116
8	40	0.00287011922033684
8	42	0.000273344687651128
8	44	0.00272293361929393
8	48	0.000599255661389012
8	53	0.144325995079796
8	55	0.0336844761243929
8	57	0.197796421287243
8	59	0.0160432305136777
8	61	0.0840745179671566
8	63	0.0115435564246515
8	65	0.00699131604953847
8	71	0.0232237851931285
8	73	0.00592947707058601
8	75	0.0366281881452512
8	77	0.00201854538573141
8	79	0.0224142643873925
8	83	0.00808469480014298
8	89	0.0297209781534515
8	91	0.0378056729535945
8	93	0.0654765659496625
8	95	0.00113543177947392
8	97	0.0367648604890767
8	99	5.25662860867554e-05
8	101	0.0136987741542085
8	107	0.00476250551946004
8	109	0.00370066654050758
8	111	0.00678105090519145
8	113	0.000662335204693118
8	115	0.0386362202737652
8	118	0.0119535734561282
8	123	0.000630795433041065
8	125	0.00235496961668664
8	127	0.00904140120692193
8	129	0.000126159086608213
8	131	0.00302781807859711
8	133	0.00421581614415778
8	138	0.000283857944868479
8	140	0.0019344393279926
8	142	0.00541432746693581
8	146	0.01976492356862
8	148	0.0142034105006413
9	1	0.00378001163080502
9	3	0.0069577137160422
9	5	0.0121915759740799
9	7	0.00382155022015452
9	9	0.00851541081664867
9	11	0.000280385478109163
9	13	0.00227423776688544
9	19	0.000643848134917338
9	21	0.0172073606380327
9	23	0.00733156102018775
9	25	0.00156808174794384
9	27	0.00273116224973
9	29	0.000124615768048517
9	31	0.00244039212428346
9	36	0.00117346514912354
9	38	0.0134792722439146
9	40	0.00228462241422281
9	42	0.000311539420121293
9	44	0.00236769959292182
9	48	0.00040500124615768
9	53	0.145478524549306
9	55	0.042348591841821
9	57	0.194379828861012
9	59	0.0206862174960538
9	61	0.0810314031735482
9	63	0.0106650328154856
9	65	0.0069577137160422
9	71	0.0245181523635457
9	73	0.00573232533023179
9	75	0.0348404918168979
9	77	0.00223269917753593
9	79	0.0243519980061477
9	81	6.23078840242585e-05
9	83	0.00775733156102019
9	89	0.0295339370274985
9	91	0.0369797291683974
9	93	0.0651532773946997
9	95	0.00124615768048517
9	97	0.0371978067624823
9	99	3.11539420121293e-05
9	101	0.0141438896735067
9	107	0.00429924399767384
9	109	0.00320885602724931
9	111	0.00584655645094293
9	113	0.00058154025089308
9	115	0.0357335714879123
9	118	0.0113504195397524
9	123	0.000591924898230456
9	125	0.00243000747694608
9	127	0.00874387305807095
9	129	0.000311539420121293
9	131	0.00342693362133422
9	133	0.00412270499293844
9	138	0.00058154025089308
9	140	0.00173423610534186
9	142	0.00511963113732658
9	146	0.0200112154191244
9	148	0.0138531195480601
10	1	0.00323479290182352
10	3	0.0062450891353817
10	5	0.0126024266048961
10	7	0.00314295335571497
10	9	0.0104901170443993
10	11	0.000112248334132678
10	13	0.00166331622396604
10	19	0.000500015306591018
10	21	0.0315111687092462
10	23	0.00974519628151882
10	25	0.000571446064675449
10	27	0.00381644336051104
10	29	5.1021970060308e-05
10	31	0.00417359715093319
10	36	0.00136738879761625
10	38	0.0161025337510332
10	40	0.00298988744553405
10	42	0.000357153790422156
10	44	0.0018061777401349
10	46	4.08175760482464e-05
10	48	0.000469402124554833
10	53	0.142626815106585
10	55	0.057828300866353
10	57	0.175362511097278
10	59	0.0289702746002429
10	61	0.0543179893262039
10	63	0.0040919619988367
10	65	0.00842882945396287
10	71	0.0110105411390145
10	73	0.00407155321081258
10	75	0.0416951539332837
10	77	0.00143881955570068
10	79	0.021704746063655
10	81	2.04087880241232e-05
10	83	0.0110411543210506
10	89	0.0290723185403635
10	91	0.0420012857536455
10	93	0.07355327203894
10	95	0.00141841076767656
10	97	0.0343377858505873
10	99	3.06131820361848e-05
10	101	0.0140208373725726
10	107	0.00402053124075227
10	109	0.00485729154974132
10	111	0.00686755717011745
10	113	0.000224496668265355
10	115	0.0345928957008888
10	118	0.00900027551863832
10	123	0.000969417431145851
10	125	0.00278579956529281
10	127	0.0113268773533884
10	129	0.000316336214373909
10	131	0.00412257518087288
10	133	0.00443891139524679
10	138	0.000275518638325663
10	140	0.00417359715093319
10	142	0.00819412839168546
10	146	0.0187352674061451
10	148	0.0162147820851659
11	1	0.00340919467922116
11	3	0.00639224002353968
11	5	0.0130077011272665
11	7	0.0032569984881845
11	9	0.0105522692452084
11	11	0.000121756952829327
11	13	0.00181620787970413
11	19	0.000547906287731972
11	21	0.0326207169455239
11	23	0.0100348021956837
11	25	0.000608784764146636
11	27	0.00381505118865225
11	29	7.10248891504409e-05
11	31	0.00425134693629068
11	36	0.00135961930659415
11	38	0.0159095751696988
11	40	0.00284099556601763
11	42	0.000385563683959536
11	44	0.00194811124526924
11	46	3.04392382073318e-05
11	48	0.000476881398581532
11	53	0.14750854835273
11	55	0.0502551822803048
11	57	0.179936483456274
11	59	0.024554318820581
11	61	0.0573272319571416
11	63	0.00466734985845754
11	65	0.0082997656178658
11	71	0.0113233966131274
11	73	0.00391651531601003
11	75	0.0405552117049017
11	77	0.00145093702121615
11	79	0.0213277595706038
11	81	3.04392382073318e-05
11	83	0.0109175401036963
11	89	0.0294956218229045
11	91	0.0417220491695161
11	93	0.0746573049098491
11	95	0.00150166908489504
11	97	0.0333715514879714
11	99	5.07320636788863e-05
11	101	0.0143267347829175
11	107	0.0040179794433678
11	109	0.00494130300232353
11	111	0.00665604675466989
11	113	0.000243513905658654
11	115	0.0332599409478779
11	118	0.00865489006361801
11	123	0.000974055622634618
11	125	0.00269894578771675
11	127	0.0111813468348265
11	129	0.000304392382073318
11	131	0.00444412877827044
11	133	0.00420061487261179
11	138	0.000233367492922877
11	140	0.00405856509431091
11	142	0.00795478758484938
11	146	0.0185070568300577
11	148	0.0161429426626216
12	1	0.00399750281939745
12	3	0.00644433703882713
12	5	0.0143990655711294
12	7	0.00358466247784759
12	9	0.0114991139036572
12	11	0.000201385532463348
12	13	0.00181246979217013
12	19	0.000573948767520541
12	21	0.0330473658772354
12	23	0.0100088609634284
12	25	0.000543740937651039
12	27	0.0041686805219913
12	29	5.0346383115837e-05
12	31	0.00450096665055582
12	36	0.00113782825841792
12	38	0.0145903818269695
12	40	0.00218503302722732
12	42	0.000432978894796198
12	44	0.00200378604801031
12	46	5.0346383115837e-05
12	48	0.000533671661027872
12	53	0.164340663766715
12	55	0.0386257451264701
12	57	0.189191638472692
12	59	0.0186583695827292
12	61	0.0618253584662478
12	63	0.00563879490897374
12	65	0.0083071532141131
12	71	0.0135028999516675
12	73	0.00415861124536813
12	75	0.0362796036732721
12	77	0.00168156919606895
12	79	0.0213166586112454
12	81	1.00692766231674e-05
12	83	0.00867971644917029
12	89	0.0302178991461253
12	91	0.0399146125342355
12	93	0.0769494119542452
12	95	0.00134928306750443
12	97	0.0305803931045594
12	99	0.000100692766231674
12	101	0.0144695505074915
12	107	0.00357459320122442
12	109	0.0041686805219913
12	111	0.00567907201546641
12	113	0.000140969872724343
12	115	0.0261700499436121
12	118	0.00768285806347672
12	123	0.00104720476880941
12	125	0.0027187046882552
12	127	0.0114487675205413
12	129	0.000342355405187691
12	131	0.00531657805703238
12	133	0.00451103592717899
12	138	0.000241662638956017
12	140	0.00354438537135492
12	142	0.00797486708554857
12	144	1.00692766231674e-05
12	146	0.0166143064282262
12	148	0.0165035443853714
13	1	0.00440370362766635
13	3	0.00815044447638013
13	5	0.0151512040895933
13	7	0.00712394013426677
13	9	0.0109117411566651
13	11	0.00050298712763555
13	13	0.00141657599211645
13	19	0.000749348169742758
13	21	0.0181280666817221
13	23	0.0071342051776879
13	25	0.000472191997372149
13	27	0.00218645424870147
13	29	0.000205300868422673
13	31	0.00189903303290973
13	36	0.00137551581843191
13	38	0.0283212547989078
13	40	0.00577921944609826
13	42	0.000533782257898951
13	44	0.00256626085528342
13	46	2.05300868422673e-05
13	48	0.00030795130263401
13	53	0.210176764047712
13	55	0.0439549159292944
13	57	0.173386848426369
13	59	0.021577121271223
13	61	0.0623806688702293
13	63	0.00611796587899567
13	65	0.00750374674084871
13	71	0.0163111539961814
13	73	0.00315136833028804
13	75	0.0339978238107947
13	77	0.00107782955921904
13	79	0.0154591553922273
13	81	1.02650434211337e-05
19	107	0.00767730804177599
19	109	0.00587028207981542
19	111	0.00931077783789854
19	113	0.000234811283192617
19	115	0.0460944758093332
19	117	1.02091862257659e-05
19	118	0.0103521148329267
19	123	0.00121489316086615
19	125	0.00237874039060347
19	127	0.0116690998560505
19	129	0.000347112331676042
19	131	0.00342007738563159
19	133	0.0032669395922451
19	138	0.000224602096966851
19	140	0.00228685771457157
19	142	0.00814693060816122
19	144	3.06275586772978e-05
19	146	0.017580218680769
19	148	0.0156404732978734
20	5	0.0121333318353911
20	9	0.0114030850119648
20	21	0.0161216029479503
20	38	0.0113132084798508
20	53	0.145914549887093
20	55	0.05047690734853
20	57	0.174326768601634
20	59	0.0281088854186561
20	61	0.069766658053499
20	71	0.0236375279459842
20	75	0.0535102403073777
20	79	0.0337598723753244
20	83	0.013155677388188
20	89	0.0464774016694566
20	91	0.0454775252496882
20	93	0.0906404826369775
20	97	0.0436462909078653
20	101	0.0178629607576592
20	115	0.0501061666535597
20	118	0.0114592578445361
20	127	0.0125939490624754
20	146	0.0193908618035973
20	148	0.0170990102346901
21	1	0.00408899094580576
21	3	0.00473356094711505
21	5	0.0118238309615172
21	7	0.00308185031876001
21	9	0.011138975335126
21	11	0.000110785468975033
21	13	0.00209485250425517
21	19	0.000745284064013858
21	21	0.0143920395604838
22	107	0.00728145424836601
22	109	0.00524918300653595
22	111	0.0097937091503268
22	113	0.000285947712418301
22	115	0.0490400326797386
22	118	0.0104268790849673
22	123	0.00079656862745098
22	125	0.0026858660130719
22	127	0.0124080882352941
22	129	0.000275735294117647
22	131	0.00402369281045752
22	133	0.00383986928104575
22	138	0.00011233660130719
22	140	0.00253267973856209
22	142	0.00897671568627451
22	146	0.0162785947712418
22	148	0.0147365196078431
23	1	0.00372561689754049
23	3	0.00493719962844796
23	5	0.0109446306691975
23	7	0.00312992205484431
23	9	0.0105003836678648
23	11	0.000292799159969307
23	13	0.00154476798190703
23	19	0.00087839747990792
23	21	0.0171337991195832
23	23	0.00679495981583942
23	25	0.00143370623157385
23	27	0.0032409838051775
23	29	0.000201930455151246
23	31	0.00265538548523888
23	36	0.00114090707160454
23	38	0.0107931828278341
23	40	0.00287750898590525
23	42	0.000232220023423933
23	44	0.00199911150599733
23	46	2.01930455151246e-05
23	48	0.000302895682726869
23	53	0.135929485885061
23	55	0.0303198578409596
23	57	0.175649206413311
23	59	0.01457937886192
23	61	0.0695549452768467
23	63	0.0073098824764751
23	65	0.00581559710835588
23	71	0.0195266750131255
23	73	0.00575501797181051
23	75	0.0448992367028795
23	77	0.0024635515528452
23	79	0.0250191833932394
23	81	2.01930455151246e-05
23	83	0.0114696498525908
23	89	0.0341666330115908
23	91	0.0499878841726909
23	93	0.0822765639513752
23	95	0.0013125479584831
23	97	0.0377710916360405
23	99	8.07721820604984e-05
23	101	0.0151851702273737
23	107	0.00658293283793062
23	109	0.00452324219538791
23	111	0.00872339566253382
23	113	0.00022212350066637
23	115	0.0459896611606963
23	118	0.0100763297120472
23	123	0.00109042445781673
23	125	0.00234239327975445
23	127	0.0123985299462865
23	129	0.00035337829651468
23	131	0.00481604135535721
23	133	0.00433140826299423
23	138	0.000171640886878559
23	140	0.0026250959169662
23	142	0.00934938007350268
23	146	0.0170429304147652
23	148	0.0139634909737087
24	1	0.00423468823239486
24	3	0.0048180894615609
24	5	0.0121810153193116
24	7	0.00327911725358842
24	9	0.0111349165635656
24	11	0.000201172837643461
24	13	0.00162949998491204
24	19	0.000895219127513403
24	21	0.0175422714425098
24	23	0.00681975919611334
24	25	0.00138809257973988
24	27	0.00323888268605973
24	29	0.000181055553879115
24	31	0.002615246889365
24	36	0.000905277769395576
24	38	0.0102195801522878
24	40	0.00263536417312934
24	42	0.000251466047054327
24	44	0.00219278393031373
24	46	1.00586418821731e-05
24	48	0.000352052465876057
24	53	0.140358288823843
24	55	0.0349940151080801
24	57	0.173773097156422
24	59	0.0173712745305129
24	61	0.0702897894726254
24	63	0.00667893820976292
24	65	0.005753543156603
24	71	0.0192924751300079
24	73	0.00578371908224952
24	75	0.0404055644406892
24	77	0.00254483639618979
24	79	0.0245933794019132
24	81	2.01172837643461e-05
24	83	0.00981723447700092
24	89	0.0341490891899776
24	91	0.0489252341148898
24	93	0.0822293973867649
24	95	0.00120703702586077
24	97	0.036734160153696
24	99	3.01759256465192e-05
24	101	0.0155003671404287
24	107	0.00605530241306819
24	109	0.00416427773921965
24	111	0.00785579930997717
24	113	0.000140820986350423
24	115	0.0415623082571391
24	118	0.00908295361960228
24	123	0.00143838578915075
24	125	0.00229337034913546
24	127	0.012553185068952
24	129	0.000362111107758231
24	131	0.00562278081213475
24	133	0.00471750304273917
24	138	0.000211231479525634
24	140	0.00244424997736806
24	142	0.0107225122463965
24	146	0.0175724473681564
24	148	0.0144945029522114
28	1	0.00429695316531685
28	3	0.00578192962686017
28	5	0.0116165179934914
28	7	0.00323324662194184
28	9	0.00996303356468073
28	11	0.000537119145664606
28	13	0.00181146064812377
28	19	0.000832008088382429
28	21	0.0157660266874493
28	23	0.00618213604912007
28	25	0.00153763520131436
28	27	0.00262240524059778
28	29	0.000358079430443071
28	31	0.00263293698855199
28	36	0.00165348442881065
28	38	0.021421575338859
28	40	0.00378089751556066
28	42	0.000347547682488863
28	44	0.00390727849101115
28	46	4.21269918168318e-05
28	48	0.000231698454992575
29	133	0.00317215987685779
29	138	0.000488824636761693
29	140	0.00332816773965408
29	142	0.00560588253647984
29	144	2.0801048372838e-05
29	146	0.016630438174084
29	148	0.0115133802743658
30	1	0.00559052467278088
30	3	0.00576395335788539
30	5	0.0151903124776838
30	7	0.00367260744927211
30	9	0.0104669312304255
30	11	0.000316252308131765
30	13	0.0024586066535405
30	19	0.00088754680024076
30	21	0.0154657580363792
30	23	0.00599859216714445
30	25	0.00184650541199514
30	27	0.00324413658019036
30	29	0.000183630372463606
30	31	0.00215255603276782
30	36	0.00144863960499067
30	38	0.0170266162023199
30	40	0.00293808595941769
30	42	0.000326453995490854
30	44	0.00282586739846771
30	46	2.04033747181784e-05
30	48	0.000295848933413587
30	53	0.154188302745274
30	55	0.0471828040357875
30	57	0.180651479754751
30	59	0.0235352927374188
30	61	0.0771451598094325
30	63	0.00873264437938035
30	65	0.00738602164798058
30	71	0.0286157330422452
30	73	0.0056619364842945
30	75	0.0360833681890985
30	77	0.00374401926078573
30	79	0.0279016149271089
30	83	0.00829397182293951
30	89	0.0347367454576987
30	91	0.0358385276924803
30	93	0.0691674402946247
30	95	0.00109158054742254
30	97	0.0367566795547984
30	99	0.000142823623027249
30	101	0.0137110678106159
30	107	0.00532528080144456
30	109	0.0035909939503994
30	111	0.00508044030482642
30	113	6.12101241545352e-05
30	115	0.0293298511573814
30	118	0.00828377013558042
30	123	0.000591697866827173
30	125	0.00148944635442702
30	127	0.00782469420442141
30	129	4.08067494363568e-05
30	131	0.0027340522122359
30	133	0.00320332983075401
30	138	0.000591697866827173
30	140	0.00221376615692235
30	142	0.0041520867551493
30	146	0.0146700264223703
30	148	0.0107321751017618
31	53	0.290291566291091
31	55	0.0548671801575041
31	57	0.194989683371323
31	59	0.0427140835484882
31	61	0.116388855880478
31	71	0.145621104257365
31	73	0.0126608259784593
31	75	0.0589830288757575
31	79	0.0117101837548207
31	89	0.0276442437533083
31	91	0.0115913534768659
31	93	0.0325378906545388
34	40	0.00538786505847058
34	42	0.000520418784056818
34	44	0.00261229821016756
34	46	3.0612869650401e-05
34	48	0.000295924406620543
34	53	0.215881956774628
34	55	0.0541847792812098
34	57	0.16770750423478
34	59	0.0322047388722219
34	61	0.0621135125206637
34	63	0.00751035735423172
34	65	0.00648992836588502
34	71	0.0189085491540644
34	73	0.00387763015571746
34	75	0.0332659850201025
34	77	0.00121431049613257
34	79	0.0201126553603135
34	81	2.0408579766934e-05
34	83	0.00559195085613992
34	89	0.03587828323027
34	91	0.0391130431233291
34	93	0.0735015000306129
34	95	0.00203065368680994
34	97	0.0305414396212168
34	99	5.10214494173351e-05
34	101	0.0112145145819302
34	107	0.00390824302536787
34	109	0.00307149125492357
34	111	0.00631645543786608
34	113	0.000122451478601604
34	115	0.0233882324129064
34	117	1.0204289883467e-05
34	118	0.00431641462070655
34	123	0.000326537276270944
34	125	0.00169391212065552
34	127	0.00755117451376559
34	129	9.18386089512031e-05
34	131	0.00233678238331395
34	133	0.00137757913426805
34	138	0.000153064348252005
34	140	0.00190820220820833
34	142	0.00528582215963591
34	144	6.12257393008021e-05
34	146	0.00901038796710137
34	148	0.00832670054490908
35	1	0.00389676113360324
35	3	0.00786437246963563
35	5	0.015080971659919
35	7	0.00791497975708502
35	9	0.0107591093117409
35	11	0.000384615384615385
35	13	0.00126518218623482
35	19	0.000759109311740891
35	21	0.0132591093117409
35	23	0.00595141700404858
35	25	0.00132591093117409
35	27	0.00263157894736842
35	29	7.08502024291498e-05
35	31	0.0015080971659919
35	36	0.00175101214574899
35	38	0.0193825910931174
35	40	0.005
35	42	0.000617408906882591
35	44	0.00277327935222672
35	46	5.06072874493927e-05
35	48	0.00034412955465587
35	53	0.224827935222672
35	55	0.0430161943319838
35	57	0.176285425101215
35	59	0.0252024291497976
35	61	0.0671457489878542
35	63	0.00839068825910931
35	65	0.0072165991902834
35	71	0.0181174089068826
35	73	0.00367408906882591
35	75	0.0295141700404858
35	77	0.00129554655870445
35	79	0.0190485829959514
35	81	1.01214574898785e-05
35	83	0.00526315789473684
35	89	0.034585020242915
35	91	0.0386336032388664
35	93	0.0733603238866397
35	95	0.00183198380566802
35	97	0.028502024291498
35	99	6.07287449392713e-05
35	101	0.012246963562753
35	107	0.00371457489878542
35	109	0.00297570850202429
35	111	0.00571862348178138
35	113	9.10931174089069e-05
35	115	0.0213967611336032
35	117	3.03643724696356e-05
35	118	0.00421052631578947
37	89	0.0415097692914348
37	91	0.0267919624112766
37	93	0.0712452930787431
37	97	0.0193830739666989
37	127	0.0125628977973275
38	5	0.0139595281895899
38	53	0.254929120225084
38	55	0.0345525376041554
38	57	0.198528297803268
38	59	0.02114489773834
38	61	0.088031598311871
38	71	0.130343036467915
38	73	0.0167514338275078
38	75	0.0754680229412401
38	77	0.012044151065902
38	79	0.0220214262525701
38	89	0.0383400064928038
38	91	0.0186451682718321
38	93	0.0627096634563359
38	97	0.0125311113515853
39	5	0.0138392713462714
39	53	0.281452157960799
39	55	0.0366043363050218
39	57	0.180028536792078
39	59	0.0313582869342259
39	61	0.0870801283082832
39	71	0.142222651346915
39	73	0.0178194028729898
39	75	0.0728331885037495
39	77	0.0119940351667686
39	79	0.0204799759690172
39	89	0.0326456610129488
39	91	0.013957280636821
39	93	0.0576850868441097
42	5	0.0126986832573401
42	53	0.332818425874633
42	55	0.0412387608130566
42	57	0.173797247198193
42	59	0.0362636894362296
42	61	0.112764733455491
42	71	0.128094771381088
42	73	0.0187284271530234
42	75	0.0535432735330464
42	77	0.010706524055056
42	79	0.0116866237695487
42	89	0.0204649081689181
42	91	0.0108769761793156
42	93	0.0363169557250607
43	1	0.00360443151069587
43	3	0.00540154183897483
43	5	0.00869964772553224
43	7	0.00437024557104202
43	9	0.0111502527186399
43	11	0.000306325624138459
43	13	0.00117424822586409
43	19	0.0010925613927605
43	21	0.0179711032827896
43	23	0.00770919487415122
43	25	0.00206259253586563
43	27	0.00270587634655639
43	29	0.000357379894828202
43	31	0.00166436922448563
43	36	0.00108235053862256
43	38	0.0135395925869199
43	40	0.0033593710113851
43	42	0.000214427936896921
43	44	0.00212385766069332
43	48	0.000194006228621024
43	53	0.129473630469189
43	55	0.0389952519528259
43	57	0.152693112778884
43	59	0.0174605605758922
43	61	0.0753356818297851
43	63	0.00809720733139327
43	65	0.00470720375759432
43	71	0.0216572216265891
43	73	0.00569765660897534
43	75	0.0585592484811354
43	77	0.0014907847041405
43	79	0.0266299075917701
43	81	1.02108541379486e-05
43	83	0.0145402562924389
43	89	0.032807474345229
43	91	0.0523714708735386
43	93	0.0819216827487619
43	95	0.0022668096186246
43	97	0.040557512635932
43	101	0.0140705570020932
43	107	0.00687190483483943
43	109	0.00478889059069791
43	111	0.011538265175882
43	113	0.00022463879103487
43	115	0.0404962475111043
43	118	0.00845458722622147
43	123	0.000622862102414867
43	125	0.0018890080155205
43	127	0.00953693776484403
43	129	7.14759789656405e-05
43	131	0.00313473222035023
43	133	0.00520753561035381
43	138	0.000122530249655384
43	140	0.00197069484862409
43	142	0.00912850359932608
43	146	0.0128963087762291
43	148	0.0120079644662276
44	1	0.00372256258368158
44	3	0.00569034770966041
45	101	0.0157415245696779
45	107	0.006459870197928
45	109	0.0040411980489378
45	111	0.010541379449349
45	113	0.000191478211795058
45	115	0.0416414721651147
45	118	0.00955375498851131
45	123	0.000907002055871327
45	125	0.00167291490305156
45	127	0.00985608900713508
45	129	0.000221711613657435
45	131	0.00451485467811505
45	133	0.00554279034143588
45	138	0.000221711613657435
45	140	0.00207602692788326
45	142	0.00986616680775588
45	146	0.0126677953803362
45	148	0.0122142943524005
46	1	0.00359899853953682
46	3	0.00794909242645525
46	5	0.00672856248696015
46	7	0.00352597538076361
46	9	0.0112038389317755
46	11	0.000198205716670144
46	13	0.00104318798247444
46	19	0.000751095347381598
46	21	0.0195702065512205
46	23	0.00621740037554767
46	25	0.00267056123513457
46	27	0.00374504485708325
46	29	2.08637596494888e-05
46	31	0.00202378468600042
46	36	0.00308783642812435
46	38	0.0132380554976007
46	40	0.00316085958689756
46	42	8.34550385979554e-05
46	44	0.00381806801585646
46	48	0.000615480909659921
46	53	0.133131650323388
46	55	0.038326726476111
46	57	0.167734195702065
46	59	0.0125391195493428
46	61	0.0933340287919883
46	63	0.0142708116002504
46	65	0.00558105570623826
46	71	0.0220321301898602
46	73	0.00303567702900063
46	75	0.0498435218026288
46	77	0.00182557896933027
46	79	0.0288232839557688
46	81	0.000552889630711454
46	83	0.010285833507198
46	89	0.0283955768829543
46	91	0.0458481118297517
46	93	0.0528374713123305
46	95	0.00152305445441269
46	97	0.0490506989359483
46	101	0.012695597746714
46	107	0.00412059253077405
46	109	0.00402670561235135
46	111	0.0081264343834759
46	113	0.000219069476319633
46	115	0.0497600667640309
46	118	0.00939912372209472
46	123	0.000573753390360943
46	125	0.00242019611934071
46	127	0.0133736699353223
46	129	0.000219069476319633
46	131	0.00435009388691842
46	133	0.00522637179219695
46	138	0.000281660755268099
46	140	0.00172126017108283
46	142	0.00729188399749635
46	146	0.0146046317546422
46	148	0.00792822866680576
47	1	0.0042652710095505
47	3	0.00829358251857041
47	5	0.00813904371387656
47	7	0.00351318216004039
47	9	0.0117037388088149
47	11	3.09077609387717e-05
47	13	0.001535085459959
47	19	0.00138054665526514
47	21	0.0214293809175484
47	23	0.00565612025179523
47	25	0.00274048813657109
47	27	0.00316289420273431
47	29	0.000123631043755087
47	31	0.00151448028599981
47	36	0.00241080535322419
47	38	0.0119922112442434
47	40	0.00243141052718338
47	42	0.000154538804693859
47	44	0.00336894594232612
47	48	0.000515129348979529
47	53	0.13262520218827
47	55	0.0338749059888938
47	57	0.16657222628602
47	59	0.00895294808526421
47	61	0.0979054840670492
47	63	0.0145369502282023
47	65	0.00473919001061167
21	23	0.00528748829199021
21	25	0.00101721203331621
21	27	0.00237685187982798
21	29	5.03570313522877e-05
21	31	0.00157113937819138
21	36	0.00111792609602079
21	38	0.00984983533250748
21	40	0.00218549516068929
21	42	0.000342427813195557
21	44	0.00225599500458249
21	46	4.02856250818302e-05
21	48	0.000352499219466014
21	53	0.145330392482702
21	55	0.0381303441399523
21	57	0.165936489712058
21	59	0.0209183108237403
21	61	0.0671460656051404
21	63	0.00653634266952695
21	65	0.0057407015741608
21	71	0.022781520983775
21	73	0.00515656001047426
21	75	0.043055261806206
21	77	0.00299120766232589
21	79	0.0308688602189524
21	81	1.00714062704575e-05
21	83	0.0100210492391053
21	89	0.0414740510217442
21	91	0.0402856250818302
21	93	0.0839149570454523
21	95	0.00172221047224824
21	97	0.0370124180439315
21	99	0.000161142500327321
21	101	0.0166782487838777
21	107	0.00668741376358381
21	109	0.00482420360354916
21	111	0.00698955595169754
21	113	0.000241713750490981
21	115	0.0385231289845001
21	117	1.00714062704575e-05
21	118	0.0092757651750914
21	123	0.00133949703397085
21	125	0.00237685187982798
21	127	0.0116626884611898
21	129	0.000281999375572811
21	131	0.00491484625998328
21	133	0.00392784844547844
21	138	0.000261856563031896
21	140	0.00207470969171425
21	142	0.00830891017312747
21	144	2.01428125409151e-05
21	146	0.0169098911280982
21	148	0.0154394658126114
22	1	0.00326797385620915
22	3	0.00409517973856209
22	5	0.0095281862745098
22	7	0.00282883986928105
22	9	0.0097937091503268
22	11	0.000275735294117647
22	13	0.00165441176470588
22	19	0.00079656862745098
22	21	0.0159722222222222
22	23	0.00655637254901961
22	25	0.00136846405228758
22	27	0.00322712418300654
22	29	0.000204248366013072
22	31	0.00248161764705882
22	36	0.00136846405228758
22	38	0.0106515522875817
22	40	0.00296160130718954
22	42	0.000194035947712418
22	44	0.00167483660130719
22	46	1.02124183006536e-05
22	48	0.000357434640522876
22	53	0.128084150326797
22	55	0.0413705065359477
22	57	0.167514297385621
22	59	0.019515931372549
22	61	0.0652062908496732
22	63	0.00684232026143791
22	65	0.00556576797385621
22	71	0.0194444444444444
22	73	0.00599468954248366
22	75	0.0498876633986928
22	77	0.00219566993464052
22	79	0.0252450980392157
22	81	1.02124183006536e-05
22	83	0.0131944444444444
22	89	0.034671160130719
22	91	0.0500816993464052
22	93	0.0801368464052288
22	95	0.00155228758169935
22	97	0.0395220588235294
22	99	6.12745098039216e-05
22	101	0.0143688725490196
28	53	0.137407715558551
28	55	0.0594727806974124
28	57	0.167928721129846
28	59	0.0254762983012291
28	61	0.0718686480395151
28	63	0.00801466019315226
28	65	0.00843593011132058
28	71	0.0155343282324567
28	73	0.00505523901801982
28	75	0.0362186812145212
28	77	0.00229592105401734
28	79	0.0242651472864951
28	81	1.0531747954208e-05
28	83	0.0121325736432476
28	89	0.0344598793061685
28	91	0.0393887373487378
28	93	0.0728586323472107
28	95	0.00215900833061263
28	97	0.040515634379838
28	99	5.26587397710398e-05
28	101	0.0132278754304852
28	107	0.00620319954502849
28	109	0.00400206422259902
28	111	0.00683510442228097
28	113	0.000294888942717823
28	115	0.0383460943012712
28	117	7.37222356794557e-05
28	118	0.00940485092310771
28	123	0.000716158860886141
28	125	0.00215900833061263
28	127	0.00849912059904583
28	129	0.000315952438626239
28	131	0.00222219881833788
28	133	0.00365451654011016
28	138	0.000389674674305695
28	140	0.00390727849101115
28	142	0.00592937409821908
28	144	6.31904877252478e-05
28	146	0.0179987572537414
28	148	0.0121220418952934
29	1	0.0049298484643626
29	3	0.00592829878625883
29	5	0.0128446473702275
29	7	0.00345297402989111
29	9	0.00968288801755609
29	11	0.000572028830253045
29	13	0.00185129330518258
29	19	0.000769638789795006
29	21	0.0164536292629149
29	23	0.00569948725415761
29	25	0.00196569907123319
29	27	0.00276653943358745
29	29	0.000332816773965408
29	31	0.00237131951450353
29	36	0.00177848963587765
29	38	0.0201458153490936
29	40	0.00358818084431455
29	42	0.00031201572559257
29	44	0.003723387658738
29	46	6.2403145118514e-05
29	48	0.000249612580474056
29	53	0.148269872801589
29	55	0.0396259971502564
29	57	0.181634754391621
29	59	0.0183361241406567
29	61	0.0786175623251412
29	63	0.00931886967103142
29	65	0.00816441148633891
29	71	0.0206450405100417
29	73	0.00538747152856504
29	75	0.0351641722742826
29	77	0.00310975673173928
29	79	0.0252524727246253
29	83	0.0108269456780622
29	89	0.0354865885240616
29	91	0.0379411122320565
29	93	0.0711603864834788
29	95	0.00168488491819988
29	97	0.0392723793279181
29	99	0.000187209435355542
29	101	0.013551883014904
29	107	0.00655233023744397
29	109	0.00380659185222935
29	111	0.00635472027790201
29	113	0.000197609959541961
29	115	0.0359234105398912
29	117	4.1602096745676e-05
29	118	0.00843482511518581
29	123	0.000644832499557978
29	125	0.0020801048372838
29	127	0.00836202144588087
29	129	0.000145607338609866
29	131	0.00204890326472454
32	53	0.348919949174079
32	55	0.0383183249544224
32	57	0.218628805038396
32	59	0.0314126291365118
32	61	0.131362908126623
32	71	0.128224959946964
32	75	0.0482072813656704
32	89	0.0248605049444782
32	93	0.0300646373128556
33	53	0.392410626002505
33	55	0.0433082112016875
33	57	0.21216848673947
33	59	0.0359253806771989
33	61	0.130891432840412
33	71	0.0982180132275713
33	75	0.0400013183625937
33	89	0.020258838522555
33	93	0.0268176924260069
34	1	0.00388783444560093
34	3	0.0079185289495704
34	5	0.0138574256617482
34	7	0.00741851874528052
34	9	0.00984713973754566
34	11	0.000295924406620543
34	13	0.00110206330741444
34	19	0.000765321741260026
34	21	0.0121124920916753
34	23	0.00553072511683912
34	25	0.00129594481520031
34	27	0.00224494377436274
34	29	9.18386089512031e-05
34	31	0.00140819200391845
34	36	0.00179595501949019
34	38	0.0191126349517337
35	123	0.000475708502024291
35	125	0.00177125506072874
35	127	0.00765182186234818
35	129	7.08502024291498e-05
35	131	0.00289473684210526
35	133	0.00120445344129555
35	138	0.000131578947368421
35	140	0.00191295546558704
35	142	0.00555668016194332
35	144	5.06072874493927e-05
35	146	0.00908906882591093
35	148	0.00848178137651822
36	1	0.00374516711924976
36	3	0.00812630601346645
36	5	0.0158488204237793
36	7	0.00800516853252037
36	9	0.0108619941248322
36	11	0.000504739503942016
36	13	0.00142336540111648
36	19	0.000858057156701426
36	21	0.0137390092973017
36	23	0.00610734799769839
36	25	0.00127194354993388
36	27	0.00274578290144456
36	29	7.06635305518822e-05
36	31	0.00180696742411242
36	36	0.00165554557292981
36	38	0.0193618073712157
36	40	0.0046839825965819
36	42	0.000565308244415057
36	44	0.00271549853120804
36	46	5.04739503942016e-05
36	48	0.00033312807260173
36	53	0.233139176870817
36	55	0.0393595865173984
36	57	0.182352287984171
36	59	0.0228445099484156
36	61	0.0695430088531309
36	63	0.00825753828449137
36	65	0.00748023944842067
36	71	0.0170501004431613
36	73	0.00289720475262717
36	75	0.0277404831366532
36	77	0.00142336540111648
36	79	0.0177264513784436
36	83	0.00497673150886827
36	89	0.032363896992762
36	91	0.0366238984060326
36	93	0.0730358062204096
36	95	0.00178677784395474
36	97	0.0263272125256155
36	99	3.02843702365209e-05
36	101	0.0135673978659614
36	107	0.0032303328252289
36	109	0.00295777349310021
36	111	0.00503730024934131
36	113	0.000100947900788403
36	115	0.0175952191074187
36	117	1.00947900788403e-05
36	118	0.00372497753909207
36	123	0.000777298836070704
36	125	0.00179687263403358
36	127	0.00787393626149544
36	129	5.04739503942016e-05
36	131	0.0032303328252289
36	133	0.00138298624080112
36	138	0.000171611431340285
36	140	0.00204924238600458
36	142	0.00692502599408445
36	144	3.02843702365209e-05
36	146	0.00935787040308497
36	148	0.00895407879993135
37	5	0.0124184966732203
37	53	0.223599586790629
37	55	0.0652137692025726
37	57	0.222033389983005
37	59	0.0271585191109334
37	61	0.0881069012629545
37	71	0.0905950437091095
37	73	0.0140291245959545
37	75	0.0671131993735213
37	79	0.0169504704144312
40	5	0.0137615179106919
40	53	0.255842102393545
40	55	0.0567689875143122
40	57	0.179575813750613
40	59	0.033825854642604
40	61	0.101662940951966
40	71	0.142620358759064
40	73	0.0226159969467314
40	75	0.0721007578648929
40	77	0.0114715664358541
40	79	0.0156807153372226
40	89	0.0313941442669429
40	91	0.0170655907529579
40	93	0.0456136524726024
41	5	0.0143077781114591
41	53	0.303605903299155
41	55	0.0353189755030246
41	57	0.179404950877344
41	59	0.0271676176584152
41	61	0.111577073233515
41	71	0.13997812003947
41	73	0.0213329615170106
41	75	0.0618537903813977
41	77	0.0113904500407568
41	79	0.0149620318331975
41	89	0.0247865631301214
41	91	0.0136427989188725
41	93	0.0406709854562615
44	5	0.00868259828782408
44	7	0.00470645514667099
44	9	0.0112285470848379
44	11	0.000334726335862377
44	13	0.00129833245425407
44	19	0.00116647056436889
44	21	0.01903882825496
44	23	0.00847973384184688
44	25	0.00227208179494462
44	27	0.00274881324299103
44	29	0.000355012780460097
44	31	0.00163305879011644
44	36	0.000933176451495111
44	38	0.0138150687710472
44	40	0.00342840913701465
44	42	0.000273867002069217
44	44	0.00223150890574918
44	48	0.000202864445977198
44	53	0.13185174666288
44	55	0.0308962551223273
44	57	0.15506958250497
44	59	0.0138657848825415
44	61	0.0772710674727147
44	63	0.00867245506552522
44	65	0.00480788736965959
44	71	0.0218079279425488
44	73	0.00556862904207409
44	75	0.0561630218687873
44	77	0.00142005112184039
44	79	0.0261897999756563
44	81	1.01432222988599e-05
44	83	0.0139976467724267
44	89	0.0330263318050878
44	91	0.0537489349616586
44	93	0.0834482898527204
44	95	0.00217064957195602
44	97	0.0400454416358989
44	101	0.0146062401103583
44	107	0.00676552927333955
44	109	0.0044528745891995
44	111	0.0114009818639185
44	113	0.000182578001379478
44	115	0.040471456972451
44	117	1.01432222988599e-05
44	118	0.00891589240069785
44	123	0.000770884894713353
44	125	0.00188663934758794
44	127	0.00987949851908954
44	129	0.000111575445287459
44	131	0.00358055747149755
44	133	0.00519332981701627
44	138	0.000172434779080618
44	140	0.00211993346046172
44	142	0.00931147807035339
44	146	0.0130137542094373
44	148	0.0120298616464478
45	1	0.00377917523279719
45	3	0.00623815858427057
45	5	0.00958398839037368
45	7	0.00466602168742694
45	9	0.0114383037045995
45	11	0.000413189825452493
45	13	0.00116902487201193
45	19	0.0012093360744951
45	21	0.0193594549925424
45	23	0.00908009835933406
45	25	0.00245898335147337
45	27	0.00289232877816745
45	29	0.000262022816140605
45	31	0.00187447091546741
45	36	0.000755835046559439
45	38	0.0135143306324828
45	40	0.00364816382472689
45	42	0.000362800822348531
45	44	0.00212641593098722
45	46	1.00778006207925e-05
45	48	0.000171322610553473
45	53	0.135062683919861
45	55	0.0269883500624824
45	57	0.156135365017938
45	59	0.0123150723586085
45	61	0.0805417825613738
45	63	0.00910025396057564
45	65	0.00534123432902003
45	71	0.0208207360825573
45	73	0.00513967831660418
45	75	0.0513060829604547
45	77	0.00128995847946144
45	79	0.0245999113153545
45	83	0.0125569395735075
45	89	0.0323396621921232
45	91	0.0540774781311726
45	93	0.0863566735195711
45	95	0.0020256379247793
45	97	0.0383561091627363
45	99	1.00778006207925e-05
47	71	0.0235414112483645
47	73	0.00206051739591812
47	75	0.0471755457795452
47	77	0.00200900446102016
47	79	0.0299496203496698
47	81	0.000679970740652978
47	83	0.0105498490671008
47	89	0.029516911696527
47	91	0.0453416852971781
47	93	0.0578490258904011
47	95	0.00151448028599981
47	97	0.0466810216045249
47	101	0.0123012888536311
47	107	0.00432708653142804
47	109	0.00411073220485664
47	111	0.00958140589101924
47	113	9.27232828163152e-05
47	115	0.0508432667442795
47	118	0.00971533952175391
47	123	0.000370893131265261
47	125	0.00228717430946911
47	127	0.0141248467490187
47	131	0.00419315290069336
47	133	0.00497614951114225
47	138	0.000309077609387717
47	140	0.00200900446102016
47	142	0.00698515397216241
47	146	0.0130121673552229
47	148	0.00878810669359076
48	1	0.0041285907470393
48	3	0.00833913863049625
48	5	0.00919968856288161
48	7	0.00334999795107159
48	9	0.0114227758882105
48	13	0.00156743023398762
48	19	0.00145473917141335
48	21	0.02200549112814
48	23	0.00540917100356514
48	25	0.00206941769454575
48	27	0.0032065729623407
48	29	6.14678523132402e-05
48	31	0.00154694094988321
48	36	0.00190550342171045
48	38	0.0116788919395156
48	40	0.00226406589353768
48	42	0.000143424988730894
48	44	0.00355489079211572
48	48	0.000286849977461787
48	53	0.131551448592386
48	55	0.0391242879973774
48	57	0.163668401426054
48	59	0.00996803671679712
48	61	0.0978465762406261
48	63	0.0149981559644306
48	65	0.00527599065688645
48	71	0.0249149694709667
48	73	0.00128058025652584
48	75	0.0434270376593042
48	77	0.00231528910379871
48	79	0.0294738351841987
48	81	0.000706880301602262
48	83	0.0105314920296685
48	89	0.0307339261566201
48	91	0.0460394213826169
48	93	0.0606482809490636
48	95	0.00148547309756997
48	97	0.0446359054214646
48	101	0.0128570257755194
48	107	0.00447690857681433
48	109	0.00387247469573413
48	111	0.00950702782444781
48	113	4.09785682088268e-05
48	115	0.0494303979018973
48	118	0.00924066713109044
48	123	0.000389296397983854
48	125	0.00200794984223251
48	127	0.0149264434700652
48	131	0.00364709257058558
48	133	0.00509158709994673
48	138	0.000573699954923575
48	140	0.00188501413760603
48	142	0.00570626562307913
48	146	0.0130209400483547
48	148	0.00935335819366471
49	53	0.37096536477524
49	57	0.0444046741762291
49	59	0.0157279713654069
49	61	0.107979787346036
49	71	0.272354984735235
49	73	0.0105905884829982
49	75	0.100410569533635
49	89	0.0141593851984419
49	91	0.0259606274344668
49	93	0.0189493630908517
49	133	0.0184966838614591
50	53	0.359097259537883
50	55	0.0127350886620097
50	57	0.0517033852767329
50	61	0.119602364320258
50	71	0.306824288017195
50	75	0.0817517463729178
50	89	0.0141644277270285
50	91	0.0319290703922622
50	93	0.0221923696937131
51	53	0.39107023375851
51	55	0.0125216393895303
51	57	0.0483023035993075
51	61	0.129868198859352
51	71	0.272980235139182
51	75	0.0724215937211254
51	83	0.0196480346655055
51	91	0.0305022462482874
51	93	0.0226855146191998
52	21	0.0165309401141211
52	53	0.268129189518586
52	55	0.0416929809982826
52	57	0.189895296659465
52	59	0.0215500526286632
52	61	0.081269735748712
52	71	0.148634424685613
52	73	0.0116115450667553
52	75	0.0780012187690433
52	79	0.0193230291950584
52	89	0.0515650102487397
52	91	0.022580466456152
52	93	0.0492161099108083
53	21	0.0133047350485046
53	53	0.285028362385271
53	55	0.019064313477849
53	57	0.183958104238571
53	59	0.0172787352880334
53	61	0.083323352967435
53	71	0.179918777967707
53	73	0.0144370529249731
53	75	0.0791751499776803
53	79	0.0211982971681165
53	89	0.0403714873648568
53	91	0.0131414199701678
53	93	0.0498002112208347
54	5	0.0137722466385275
54	53	0.297865628127584
54	55	0.0212131761019973
54	57	0.179713676515382
54	59	0.0298833819241982
54	61	0.0862669161481223
54	71	0.17563421957269
54	73	0.0152190940342022
54	75	0.0763674339671903
54	79	0.0194508507027544
54	89	0.0356490144032026
54	93	0.0489643618641486
55	53	0.259694641683457
55	55	0.0465472098611126
55	57	0.127541509982868
55	59	0.0440690019286923
55	61	0.110862093115969
55	71	0.202189442834208
55	73	0.0239739680418925
55	75	0.0709952698552942
55	79	0.0164531457078516
55	89	0.0382506006960532
55	91	0.0129944294195606
55	93	0.0464286868730403
56	53	0.278673179548976
56	55	0.0317933379239112
56	57	0.132208641762782
56	59	0.0314705629196075
56	61	0.116435703219143
56	71	0.2024875193665
56	73	0.0230030986400413
56	75	0.0704833017731107
56	79	0.0200658461008779
56	89	0.0311047512480634
56	91	0.0126205026682734
56	93	0.0496535548287141
57	53	0.331677662480699
57	55	0.0316269125697811
57	57	0.148934791763397
57	59	0.0325123365474944
57	61	0.109155499886623
57	71	0.171804645236527
57	73	0.0176544902873309
57	75	0.0583084082884323
57	77	0.0109706190409347
57	79	0.0179676280355465
57	89	0.0222219822699247
57	93	0.0471650235933096
62	21	0.0103341087345863
62	38	0.0179302962307265
62	53	0.0128044136113799
62	55	0.823167342569529
62	57	0.0448977911357227
62	59	0.0490458447413385
62	61	0.0201123988718941
62	91	0.0217078041048233
63	38	0.0156167366620003
63	53	0.0145486597189817
63	55	0.853829003992326
63	57	0.036843469694613
63	59	0.0420905272981801
63	61	0.0180017628454399
63	91	0.0190698397884586
64	21	0.0122537792029317
64	38	0.0123370674218132
64	53	0.0134302252946321
64	55	0.801357597967768
64	57	0.0480677133219506
64	59	0.0656727605880148
64	61	0.0224461749885479
64	91	0.0244346812143422
68	59	0.0462448059868108
68	61	0.0342236371529572
68	63	0.0126516858578132
68	73	0.0230397122361648
68	91	0.0488185558059248
69	21	0.0213334450999088
69	53	0.041472384924086
69	55	0.639542315873299
69	57	0.0778104927858168
69	59	0.0782820080262372
69	61	0.0539518216205455
69	63	0.0147112755011159
69	73	0.031916342718233
69	91	0.0409799134507581
70	21	0.0301437625599011
70	53	0.0196114803936724
70	55	0.744401504611738
70	57	0.050301437625599
70	59	0.0556397176276601
70	61	0.029607873447725
70	63	0.011418560313289
70	73	0.0200133972278044
70	91	0.0388622661926109
71	21	0.025977086877216
71	53	0.0215809644826102
71	55	0.775162420839055
71	57	0.043397618510852
71	59	0.0471379091263091
71	61	0.025977086877216
71	63	0.0116820035660853
71	73	0.018824421535876
71	91	0.0302604881847806
72	21	0.0281541132121984
72	53	0.036884867035755
72	55	0.710806618938546
72	57	0.064361062892242
72	59	0.0699795597645778
72	61	0.037439526690428
72	63	0.0122333268280658
76	21	0.0131294647933918
76	38	0.0178023136804888
76	53	0.015848401203362
76	55	0.792864601102048
76	57	0.0406289737307323
76	59	0.0726049064913315
76	61	0.022237384858729
76	91	0.0248839541399167
77	21	0.0137712955523968
77	38	0.0153575180767567
77	53	0.0141524009640937
77	55	0.821992872298787
77	57	0.0334136744741775
77	59	0.0593700430546114
77	61	0.0189110685371732
77	91	0.023031127042004
78	21	0.0132869763233605
78	38	0.0140392611343235
78	53	0.0149948661644657
78	55	0.820620736629154
78	57	0.0315247999837344
78	59	0.0584952270578548
78	61	0.0177295231124259
78	63	0.0108572997041691
78	91	0.0184513098905121
82	55	0.876845848148923
82	57	0.0265321062539218
82	59	0.0404204141393014
82	61	0.0136268563062121
82	91	0.0251830161054173
83	21	0.0182206035379813
83	55	0.892559833506764
83	57	0.0211758584807492
83	59	0.0316233090530697
83	61	0.0121123829344433
83	91	0.0243080124869927
84	21	0.0200106030208214
84	55	0.896714103057204
84	57	0.0182850133577272
84	59	0.0297196436553395
84	61	0.0107173671243984
84	91	0.0245532697845092
85	7	0.0197000481766197
85	53	0.041316687962129
85	55	0.163968077752875
85	57	0.0673844284786661
85	59	0.651379317567709
85	61	0.0562514400620012
89	91	0.02660223963932
90	21	0.0161278490961488
90	55	0.870379879486508
90	57	0.0295310453235525
90	59	0.0404715745349751
90	61	0.0134660728320671
90	91	0.0300235787267488
91	21	0.0124816142197178
91	38	0.0237616788547989
91	53	0.012554121522239
91	55	0.789697748130347
91	57	0.0427378757431998
91	59	0.0579644092726482
91	61	0.0207163721489093
91	63	0.0108864535642518
91	91	0.0291997265438876
92	21	0.0135021796079812
92	38	0.0163910661958851
92	53	0.0103751410791389
92	55	0.847655238824979
92	57	0.0300796255837311
92	59	0.0375658800749661
92	61	0.0151381798979053
92	91	0.0292926887354132
96	21	0.0131547575854956
96	38	0.0206184498325852
96	55	0.860574082328672
96	57	0.0275223651611432
96	59	0.0367275855992205
96	61	0.0164512216612935
96	91	0.0249515378315901
97	7	0.0202237242749476
97	53	0.0314531280367979
97	55	0.173850605739953
97	57	0.0531021227892111
97	59	0.669434426760533
97	61	0.0519359923985575
98	7	0.0159906887006124
98	53	0.0212335374549115
98	55	0.107992198641054
98	57	0.0361651707071554
98	59	0.777367670497441
98	61	0.0412507339988256
99	7	0.0114467211846841
99	53	0.0324736261356488
99	55	0.121056810799105
99	57	0.0517577420053418
99	59	0.732724216518341
99	61	0.0505408833568799
100	21	0.0166262123279822
100	38	0.01220922358922
100	55	0.852135051514173
100	57	0.0324294479805819
100	59	0.041055076932693
100	61	0.015824070505141
100	91	0.0297209171502089
101	21	0.0187628476737845
101	55	0.854239207954021
101	57	0.0329844359609011
101	59	0.043189159709695
101	61	0.0172421026135839
101	91	0.0335822460880144
102	21	0.0184016384877427
102	53	0.012414052540283
102	55	0.810988735396769
102	57	0.0429267069322243
102	59	0.05785909841376
102	61	0.0218604359547744
102	91	0.0355493322744467
58	53	0.28201699013545
58	55	0.0274645325572936
58	57	0.16481929257698
58	59	0.0252070271542593
58	61	0.120824684912161
58	71	0.195675432777695
58	73	0.0153959728671389
58	75	0.0788415038623671
58	79	0.0149466116020799
58	89	0.0208311043588043
58	91	0.0198360901290309
58	93	0.0341407570667408
59	53	0.325148088314486
59	55	0.0189660743134087
59	57	0.185223478729133
59	59	0.0235110393107162
59	61	0.124458804523425
59	71	0.179623047926764
59	73	0.0128809908454496
59	75	0.0584491114701131
59	89	0.017156704361874
59	91	0.0150350026925148
59	93	0.0395476575121163
60	53	0.368109419039088
60	55	0.0247656710874172
60	57	0.201959841814328
60	59	0.0199807730123009
60	61	0.120583801262864
60	71	0.153225982652013
60	75	0.0462649391509537
60	89	0.0134151936900522
60	91	0.01502108413992
60	93	0.0366732941510629
61	3	0.0107726635877744
61	38	0.0211820870738415
61	53	0.0157127289709927
61	55	0.775714804628717
61	57	0.0583986300659021
61	59	0.0671163925068756
61	61	0.0275128431321675
61	91	0.0235898500337294
65	21	0.0117907682115092
65	38	0.0115216198590077
65	53	0.0119771016863179
65	55	0.823407625179864
65	57	0.0424736803966833
65	59	0.0557551164066625
65	61	0.0196374778728999
65	91	0.023436610387056
66	21	0.0116038341303853
66	53	0.0135705856779082
66	55	0.846738297828292
66	57	0.0392625716829182
66	59	0.0489203569136493
66	61	0.019626110179492
66	91	0.0202782435873548
67	21	0.0333961027476357
67	55	0.811670949552118
67	57	0.0393262518336645
67	59	0.036215524506081
67	61	0.017384700215358
67	63	0.0109031513020319
67	91	0.0511033198431111
68	21	0.0259028797056209
68	53	0.01696194157898
68	55	0.738325098712092
68	57	0.0538316829636367
72	73	0.0165576178394979
72	91	0.0235833067986894
73	21	0.016074108575273
73	53	0.0119546654246235
73	55	0.809667235936449
73	57	0.039973089064845
73	59	0.0706308544221912
73	61	0.0172022977798479
73	63	0.0111990891683486
73	91	0.0232986596284221
74	21	0.0164348274085523
74	53	0.01086038124678
74	55	0.828861411643483
74	57	0.0347552807831015
74	59	0.0605770221535291
74	61	0.015414734672849
74	63	0.0105409582689335
74	91	0.0225553838227718
75	21	0.0151977255104678
75	53	0.0123442750064616
75	55	0.839617472215043
75	57	0.0351718790385112
75	59	0.0612147841819592
75	61	0.0170690100801241
75	91	0.0193848539674334
79	21	0.0172186676703049
79	53	0.0107263831388784
79	55	0.829726508593652
79	57	0.0398737088612888
79	59	0.0624869317944214
79	61	0.0145422991678167
79	91	0.0254255007736378
80	21	0.0172858400771521
80	55	0.85704851356451
80	57	0.0349280892280599
80	59	0.0532307434273974
80	61	0.0129984485722672
80	91	0.0245083651306134
81	21	0.0173884035610783
81	55	0.870983883410129
81	57	0.0306277755770073
81	59	0.0447323978900402
81	61	0.0134478660634239
81	91	0.0228196734983216
82	21	0.0173917590462246
86	7	0.0175719675435423
86	53	0.033676158974624
86	55	0.119830482195462
86	57	0.0514031732906093
86	59	0.730973176908367
86	61	0.0465450410873947
87	7	0.0159963061768931
87	53	0.0306074286886928
87	55	0.109983583008414
87	57	0.0459060127231685
87	59	0.757438949312539
87	61	0.0400677200902935
88	21	0.0141004539402644
88	55	0.88856972124084
88	57	0.0246050300355394
88	59	0.0379192133099898
88	61	0.0111964942811914
88	91	0.023609087192175
89	21	0.0159989146202736
89	55	0.891117628027844
89	57	0.0231269372462664
89	59	0.032039574614638
89	61	0.0111147058516578
93	21	0.0132870222889028
93	38	0.0107282685766547
93	53	0.020336440146743
93	55	0.78439674041495
93	57	0.0484313503848407
93	59	0.0545045369066826
93	61	0.0239228057916209
93	63	0.0104713655934973
93	91	0.0339214698961084
94	21	0.0133157846030457
94	38	0.0208836745396029
94	53	0.0133466319805045
94	55	0.805671804468757
94	57	0.0358754999845763
94	59	0.0509084552661615
94	61	0.0211407360184262
94	63	0.0103750012853074
94	91	0.0284824118536189
95	3	0.0103434896258781
95	21	0.0133454500898546
95	38	0.0189919947720961
95	53	0.0108540271197517
95	55	0.832206747263519
95	57	0.0289678974023852
95	59	0.0408838425093939
95	61	0.017776915536677
95	91	0.0266296356804444
103	21	0.015957557908808
103	55	0.909559913946154
103	57	0.0225160306619045
103	59	0.0336904985692504
103	91	0.0182759989138835
104	3	0.0114236225668096
104	21	0.017403497195645
104	55	0.904796271857473
104	57	0.015929148795777
104	59	0.028352853843616
104	91	0.0220946057406796
105	3	0.0124759880655577
105	21	0.0189643192872032
105	55	0.887419789921118
105	57	0.0160726693096824
105	59	0.029938284219561
105	61	0.010728736665713
105	91	0.0244002125311644
106	38	0.0281665023183602
106	55	0.862146738560309
106	57	0.0288483729517655
106	59	0.029677108029289
106	61	0.0188511004342991
106	91	0.0323101777059774
107	21	0.0103692829377223
107	38	0.0233644859813084
107	55	0.872374079894136
107	57	0.0223203208998429
107	59	0.0219894963195765
107	61	0.0169237449342486
107	91	0.0326585890331652
108	21	0.0117664029014177
108	38	0.0236152324431256
108	55	0.879739531816683
108	57	0.0175774810418727
108	59	0.0173405044510386
108	61	0.0172477744807122
108	91	0.03271307286515
109	21	0.024850565678711
109	53	0.0194109495542824
109	55	0.67690128027467
109	57	0.0859480030610768
109	59	0.0710045709321806
109	61	0.0547684543630685
109	73	0.0268774948809696
109	91	0.0291733024467931
109	109	0.0110653788082484
110	21	0.0200326136316724
110	53	0.0164100235313545
110	55	0.782376253973496
110	57	0.0588593485530281
110	59	0.0508917144862321
110	61	0.0307042893118111
110	73	0.0180097428064237
110	91	0.0227160137059819
111	21	0.0206657363322936
111	53	0.0302392874733213
111	55	0.783143162042358
111	57	0.0581082745033656
111	59	0.051592513544574
111	61	0.0238877031686094
111	63	0.0122414217698243
111	91	0.0201219011656542
112	7	0.0136072347063536
112	53	0.0290695223238754
112	55	0.172382899784983
112	57	0.036300012648088
112	59	0.688635692904423
112	61	0.0600046376322779
113	7	0.0136880300321026
113	53	0.0264976838054606
113	55	0.147692693791762
113	57	0.031213727766101
113	59	0.725831581809246
113	61	0.0550762827953279
114	7	0.0106159517288247
114	53	0.023579563005828
114	55	0.114571964002554
114	57	0.0264626536790296
114	59	0.776725220865339
114	61	0.048044646718425
115	7	0.0149158231499449
115	53	0.0301777940945088
115	55	0.170147375045891
115	57	0.0552158179052814
115	59	0.677442702050663
115	61	0.0521004877537106
116	7	0.0160428918767274
116	53	0.0258411088713867
116	55	0.144105484092184
116	57	0.0490638182913904
116	59	0.716236154693377
116	61	0.048710542174934
117	7	0.0118446085551214
117	53	0.0247632101139455
117	55	0.107389071865475
117	57	0.0424585234130475
117	59	0.768191395781765
117	61	0.0453531902706462
118	7	0.0223229201470097
118	53	0.0247556799198129
118	55	0.102269879719345
118	57	0.0345598062145005
118	59	0.771571166054126
118	61	0.0445205479452055
119	7	0.0232398338546741
119	25	0.0107276549920517
119	53	0.0190349212860879
119	55	0.079052356289421
119	57	0.0253628019075945
119	59	0.806133018819548
119	61	0.036449412850623
120	7	0.0214573088958426
120	25	0.0133092209533872
120	53	0.0209798024952249
120	55	0.0653269394887633
120	57	0.0238550006095826
120	59	0.816698500426708
120	61	0.0383732271304913
121	3	0.0114065046094779
121	5	0.0382151387307752
121	9	0.117848612692248
121	31	0.0261054934261926
121	53	0.189814504788053
121	55	0.0500234380231702
121	57	0.12995825799683
121	61	0.0122770597557981
121	71	0.0372329739503114
121	75	0.0212951181946026
121	91	0.0424228219379897
121	93	0.104533583338914
121	97	0.0238733007433202
121	109	0.0225451460970111
121	115	0.0333824415723565
121	140	0.0138172727069801
121	146	0.046317998169602
121	148	0.0789303332663676
122	3	0.0136961935254358
128	7	0.0121489412472636
128	53	0.0142446595495243
128	55	0.0806125307354726
128	57	0.0203969414962599
128	59	0.838193947316547
128	61	0.0344029796549327
129	7	0.0144013110724163
129	25	0.0117177097203728
129	53	0.0222472600635051
129	55	0.0951039639455086
129	57	0.0244801802724572
129	59	0.792502304619482
129	61	0.0395472703062583
130	21	0.0127282157676349
130	25	0.0252697095435685
130	53	0.0330394190871369
130	55	0.121908713692946
130	57	0.0284439834024896
130	59	0.708101659751037
130	61	0.0590145228215768
130	77	0.01149377593361
131	25	0.0200024618414574
131	53	0.0425488265222386
131	55	0.0684802232069588
131	57	0.0234080091908748
131	59	0.76426842278024
131	61	0.059063679632365
131	77	0.0222283768258657
132	25	0.0138132636151225
132	53	0.0672959146912602
132	55	0.0766419976737723
132	57	0.0337508877749529
132	59	0.709633258880323
132	61	0.0757670890245283
136	59	0.770575405396862
136	61	0.0445383375304245
137	7	0.011267548030224
137	25	0.0107767655388894
137	53	0.0207048863531793
137	55	0.0961933683015858
137	57	0.0349478032371195
137	59	0.77806406756439
137	61	0.0480455609746122
138	53	0.024534051301317
138	55	0.118652557760942
138	57	0.044810385490368
138	59	0.756203952998142
138	61	0.0557990524492309
139	7	0.0144169404281141
139	53	0.0343893201648846
139	55	0.161097277730117
139	57	0.0316168316210165
139	59	0.690067167458308
139	61	0.0684124625975602
140	7	0.0139418555379861
140	53	0.0277183517812297
140	55	0.124060810880642
140	57	0.0250622681094265
140	59	0.749315309170206
140	61	0.0599014045205097
145	7	0.0103484101920525
145	25	0.0140413319206279
145	53	0.022013516710728
145	55	0.0914281011798834
145	57	0.0214066019976752
145	59	0.803657946982399
145	61	0.0371040910166336
146	7	0.0113033001143604
146	25	0.0158777160594674
146	53	0.0143563143277242
146	55	0.0817064205195229
146	57	0.0211873059957523
146	59	0.825059222349289
146	61	0.0305097206338834
147	7	0.0172420787861577
147	25	0.0165321108361394
147	53	0.0137328086332103
147	55	0.0845876100450323
147	57	0.0221611424398556
147	59	0.814424520264514
147	61	0.0313197289950911
148	21	0.0105455220188026
148	25	0.0222146627082302
148	53	0.0537275276265875
148	55	0.10598095002474
148	57	0.0267091373907307
148	59	0.648410440376051
148	61	0.107001484413657
148	63	0.0111537192808841
148	77	0.0142565561603167
149	25	0.0168708823348316
149	53	0.0463436159513987
149	55	0.0662110296984997
149	57	0.0162654187960511
149	59	0.759374422757219
149	61	0.0784639697883956
149	77	0.0164706606736038
150	25	0.0129033577358799
150	53	0.059138685534334
150	55	0.0804670565621038
150	57	0.0208887162079261
150	59	0.72925442722179
150	61	0.0843830518179216
150	77	0.0129647049200442
159	63	0.0118688715056941
160	7	0.0227997334563535
160	21	0.011379363370752
160	25	0.0491362960684812
160	53	0.0148136757394023
160	55	0.0880824234968476
160	57	0.0271464452304065
160	59	0.684002255369317
160	61	0.10263980726844
161	7	0.015545255437274
161	25	0.0337085519278765
161	53	0.0285132175418937
161	55	0.064361024805175
161	57	0.021311057912698
161	59	0.749483013293944
161	61	0.0870778790811389
162	25	0.0216574900515994
162	53	0.0786712397081124
162	55	0.0683208321035651
162	57	0.0265121060077145
162	59	0.689884690149302
162	61	0.114953641979706
163	21	0.0239854857060855
163	53	0.012330999702744
163	55	0.784786641929499
163	57	0.065140069086399
163	59	0.0389302883383389
163	61	0.0171075964288277
163	63	0.0115724843428079
163	73	0.0106294652466712
163	91	0.0355169692186267
164	21	0.0204302755638902
164	53	0.0189717143303641
164	55	0.749450434963796
164	57	0.0606136375475335
164	59	0.0522060738657082
164	61	0.0211387195916029
164	73	0.0246809397301662
164	91	0.0525082044069386
165	21	0.0184651376530058
165	53	0.0234782971968083
165	55	0.716934035175669
165	57	0.0735576722229185
165	59	0.0539541295901742
165	61	0.0334210636253499
165	73	0.0235931821030204
165	91	0.0565964824330534
166	21	0.0415023926324977
166	55	0.76110793431045
166	57	0.0621482529268366
166	59	0.0824128971418826
166	91	0.0528285229883328
167	21	0.0603279020342071
167	55	0.66245319299666
167	57	0.105303106972978
167	59	0.0796882906588402
167	91	0.092227507337314
168	21	0.0695506955069551
168	53	0.046450464504645
168	55	0.672976729767298
168	57	0.0687206872068721
168	59	0.0766007660076601
168	91	0.0657006570065701
172	21	0.0208251554655703
172	55	0.683800590872467
172	57	0.0684151808772183
172	59	0.0797367931739768
172	61	0.0394293742123422
172	73	0.0547280127264839
172	91	0.0340474763960912
172	109	0.0190174162758507
173	21	0.0409683616742969
173	55	0.778439748201439
173	57	0.0348982177894048
173	59	0.0466297416612165
173	61	0.0198454872465664
173	73	0.0438910235448005
173	91	0.0147563767168084
173	109	0.0205710431654676
174	21	0.0397723208355049
174	55	0.847737003995626
174	57	0.0448818173457187
174	59	0.042235098153428
174	61	0.0111897973573684
174	73	0.0141839623123537
181	7	0.0302428100190657
181	25	0.0516286529945224
181	53	0.109683146543463
181	59	0.477398593779948
181	61	0.242578002844721
181	77	0.0476541142528573
181	95	0.0408146795654235
182	25	0.0231847998190455
182	53	0.0845345561473134
182	59	0.722697456355
182	61	0.106279944891119
182	77	0.0633032427875224
183	53	0.116110711143109
183	57	0.0296876249900008
183	59	0.766238700903928
183	61	0.0138288936885049
183	77	0.0544156467482601
183	79	0.0197184225261979
187	25	0.0315553554035797
187	53	0.0911052229192631
187	55	0.0806845197574437
187	57	0.026957678330174
187	59	0.645528523402072
187	61	0.106814825675775
187	77	0.0173538745116932
188	25	0.0210706682589958
188	53	0.0634716236564723
188	55	0.0632120047769874
188	57	0.014268653616491
188	59	0.718843138273015
188	61	0.0951866659743497
188	77	0.0239472454436887
189	25	0.0211704047434906
189	53	0.0564269141531323
189	55	0.0644186646042794
189	59	0.753616911575148
189	61	0.0794534673885022
189	77	0.0249136375354473
190	25	0.0216624841860754
190	53	0.0234564572661095
190	55	0.145768090092706
190	57	0.0298546155920111
190	59	0.684882925109401
190	61	0.0817139183275608
190	63	0.012661509426136
122	5	0.0273368018498755
122	9	0.092827285663465
122	31	0.0417444859480612
122	53	0.188422714336535
122	55	0.0406438989683387
122	57	0.165710601209534
122	61	0.0212891319815012
122	71	0.0271255780860904
122	75	0.0404215581643543
122	91	0.0440457132692992
122	93	0.0889807897545357
122	109	0.0113393810032017
122	115	0.057741906794735
122	140	0.0324617573817147
122	146	0.0439567769477054
122	148	0.0622554251156172
123	5	0.0243224088312358
123	9	0.0616275074094755
123	23	0.0235707229070916
123	31	0.0511361195824922
123	53	0.203030368111335
123	57	0.201408874189253
123	73	0.0386688716120442
123	91	0.0727417207164641
123	93	0.10224002405395
123	115	0.0909432584510975
123	140	0.0286821871912719
123	146	0.0504918173617972
123	148	0.0511361195824922
124	7	0.0133869500496196
124	25	0.0112160932848164
124	53	0.0226492722461131
124	55	0.100376281839233
124	57	0.0279213529606351
124	59	0.783007360238174
124	61	0.0414426893814092
125	7	0.0137408343089531
125	25	0.0137202949452626
125	53	0.0178487070470557
125	55	0.0787273810257358
125	57	0.0220490069217656
125	59	0.818955778749974
125	61	0.0349579970012529
126	7	0.0140108655692169
126	25	0.0186164780850455
126	53	0.0160532657979658
126	55	0.0686144356848168
126	57	0.0186266900861893
126	59	0.831818553163678
126	61	0.0322597116130877
127	7	0.0124203249368413
127	53	0.014819826009746
127	55	0.104594991702166
127	57	0.028994852171707
127	59	0.803346616914897
127	61	0.0358233882646428
132	77	0.023097588340041
133	7	0.0154423819345285
133	53	0.0227722248664657
133	55	0.134983341266064
133	57	0.0341953567084457
133	59	0.741572796023058
133	61	0.0510338992014385
134	7	0.0164140356754041
134	53	0.0196905619294866
134	55	0.111087848588895
134	57	0.0290176702118751
134	59	0.778075538062139
134	61	0.0457143455322
135	7	0.0150642811448854
135	53	0.0170247012938773
135	55	0.0878268226748385
135	57	0.02455684186632
135	59	0.815668915990838
135	61	0.0398584370292412
136	7	0.0115270738723171
136	53	0.0216422392447343
136	55	0.120180808581032
136	57	0.0315361353746299
141	7	0.011214991593882
141	53	0.0267970640095133
141	55	0.117265346291057
141	57	0.0229630540861935
141	59	0.768893262803953
141	61	0.0528662812154016
142	7	0.0222652061476358
142	53	0.0331455122679394
142	55	0.14087631141854
142	57	0.0352900363728108
142	59	0.709196223955596
142	61	0.0592267098374787
143	7	0.0208482806667291
143	53	0.0245396221314118
143	55	0.113204604298593
143	57	0.0260265568622558
143	59	0.763837331420075
143	61	0.0515436046209356
144	7	0.0183792471102137
144	53	0.0216244617064678
144	55	0.0990151031257083
144	57	0.0262398780211403
144	59	0.789349514763151
144	61	0.0453917952733192
151	25	0.0183760109904866
151	53	0.0562849262996973
151	55	0.102911859189555
151	57	0.0498910247802419
151	59	0.627418371879229
151	61	0.128611418123974
151	77	0.0165063887368171
152	25	0.0187769938431064
152	53	0.0467842228325795
152	55	0.0710340109660095
152	57	0.0295387945557949
152	59	0.731036665679658
152	61	0.0906074189036033
152	77	0.0122218932192487
153	25	0.0159877444428451
153	53	0.042565441796385
153	55	0.0795274619070141
153	57	0.0249223746170138
153	59	0.769488597807983
153	61	0.0675083794287594
154	21	0.019802286704916
154	53	0.0190180377265035
154	55	0.649347835060057
154	57	0.0791472324266315
154	59	0.0812213645932224
154	61	0.0524724480951005
154	63	0.0174908160317002
154	73	0.035311842159574
154	91	0.046188137202295
155	21	0.0202111862728923
155	53	0.0107964857284277
155	55	0.758950668206567
155	57	0.058839300445471
155	59	0.0522706649067811
155	61	0.0442068140570863
155	73	0.0214176703514272
155	91	0.033307210031348
156	21	0.0199792503415476
156	53	0.0165278220049101
156	55	0.772667974648437
156	57	0.0665735328861542
156	59	0.040636459820649
156	61	0.0348635350432969
156	63	0.0114020400406775
156	73	0.0109500672823083
156	91	0.0263993179320192
157	55	0.778301791111382
157	59	0.0550112578348445
157	61	0.0514006369297552
157	63	0.0919288423700278
157	91	0.023357471753991
158	55	0.828737213014366
158	57	0.0206398763213637
158	61	0.0699607480951281
158	63	0.0702117193538996
158	91	0.010450443215243
159	38	0.0122995562945083
159	55	0.846135355214792
159	59	0.0724251559980369
159	61	0.0572710609869693
191	25	0.0256410256410256
191	53	0.0218736168154073
191	55	0.0942778618410895
191	57	0.0190635003962985
191	59	0.769107247629929
191	61	0.0592800749364379
191	63	0.010756672739812
192	25	0.0334537601420902
192	53	0.0331510111815283
192	55	0.0791688531869374
192	57	0.0193254753158681
192	59	0.755691680458564
192	61	0.0538590400839624
192	63	0.0151273563960764
192	77	0.0102228232349736
193	1	0.0137593355852366
193	36	0.0425382462012045
193	53	0.234104971747911
193	55	0.0436951873314946
193	57	0.108814445236398
193	59	0.0146063817699133
193	61	0.174636131684692
193	71	0.177435516026734
193	75	0.0973380024171806
193	81	0.0192857954486762
193	89	0.0587044325307054
193	93	0.0150815540198539
194	27	0.0162851322969108
194	36	0.0359476089457409
194	53	0.232772905254937
194	55	0.0322853011641284
194	57	0.126175474147484
194	59	0.0125172825043008
194	61	0.174323739564534
194	71	0.193057446516586
194	75	0.0831248878616133
194	89	0.069330547024243
194	93	0.0241796747195221
195	7	0.010329587326862
195	36	0.0129221912606792
195	53	0.244041604148166
195	55	0.0164844698941524
195	57	0.13001806657072
195	59	0.0104622796541834
195	61	0.175684641373468
195	71	0.193465413234529
195	75	0.0689387675944923
195	79	0.0203121331822682
195	89	0.0869134743954844
195	93	0.0304273713649958
196	25	0.039060390603906
196	53	0.145521455214552
196	59	0.635506355063551
196	61	0.179911799117991
197	53	0.0449168781916868
197	59	0.755701142736749
197	61	0.199381979071564
198	25	0.137670697226734
198	59	0.623012292205579
198	61	0.219094026349034
198	79	0.0202229842186529
199	1	0.015501044900278
199	53	0.0977438269726297
199	55	0.0373019254570171
199	59	0.0316107695741271
199	61	0.18339521577698
199	71	0.404873496053726
199	75	0.176101203157019
199	79	0.0180574999492767
199	89	0.0354150181589466
200	1	0.025400320256205
200	5	0.0196657325860689
200	36	0.0138811048839071
200	53	0.120246196957566
200	55	0.024519615692554
200	59	0.0284327461969576
200	61	0.206435148118495
200	71	0.359167333867094
200	75	0.168765012009608
200	89	0.0334867894315452
201	1	0.0117405282220323
201	5	0.0213242176372441
201	36	0.0146298783217352
201	53	0.171499206446099
201	59	0.049007040247426
201	61	0.225745737191226
201	71	0.312538151629838
201	75	0.157042282179628
201	89	0.0364729581247711
202	55	1
203	55	1
204	55	1
