pre-specified mean daily river flow [m3/s] for selected sub-basins (MAP-IDs)		
Date	Timestep	Subbasin-ID.
0	0	4	500
01012000	1	1614	1643
02012000	1	1625	1737
03012000	1	1861	2013
04012000	1	2185	1972
05012000	1	2146	2033
06012000	1	2196	1954
07012000	1	2206	1962
08012000	1	1992	1793
09012000	1	2038	1732
10012000	1	2312	1892
11012000	1	2339	1894
12012000	1	2293	1959
13012000	1	2271	1933
14012000	1	2399	2010
15012000	1	1988	1859
16012000	1	1867	1677
17012000	1	2350	1934
18012000	1	2440	2014
19012000	1	2396	2039
20012000	1	2439	2008
21012000	1	2322	2070
22012000	1	1879	1885
23012000	1	1823	1744
24012000	1	2061	1933
25012000	1	2094	1980
26012000	1	2121	2046
27012000	1	2132	2008
28012000	1	2073	2039
29012000	1	1898	1908
30012000	1	1854	1795
31012000	1	1934	2003
01022000	1	1934	2095
02022000	1	1944	2113
03022000	1	1910	2118
04022000	1	1934	2136
05022000	1	1824	1937
06022000	1	1785	1809
07022000	1	1998	2037
08022000	1	1970	2116
09022000	1	1963	2112
10022000	1	1999	2116
11022000	1	2014	2073
12022000	1	1819	1950
13022000	1	1780	1665
14022000	1	1994	1912
15022000	1	2043	2043
16022000	1	2065	2040
17022000	1	2048	2032
18022000	1	2052	2079
19022000	1	1770	1868
20022000	1	1714	1686
21022000	1	2085	1965
22022000	1	2063	2012
23022000	1	2042	1990
24022000	1	1944	1993
25022000	1	1769	2046
26022000	1	1647	1929
27022000	1	1428	1686
28022000	1	1751	2029
29022000	1	1741	2095
01032000	1	1767	2103
02032000	1	1809	2108
03032000	1	1736	2116
04032000	1	1457	1917
05032000	1	1429	1703
06032000	1	1446	1757
07032000	1	1434	1694
08032000	1	1785	1931
09032000	1	1948	2088
10032000	1	2183	2038
11032000	1	2046	1925
12032000	1	1858	1772
13032000	1	2340	2074
14032000	1	2332	2076
15032000	1	2245	2070
16032000	1	2260	2127
17032000	1	2053	2179
18032000	1	1429	2076
19032000	1	1414	1849
20032000	1	1976	2192
21032000	1	2321	2156
22032000	1	2247	2115
23032000	1	2323	2252
24032000	1	2320	2160
25032000	1	1710	1977
26032000	1	1516	1763
27032000	1	2007	2102
28032000	1	2287	2114
29032000	1	2292	2133
30032000	1	2415	2061
31032000	1	2321	2074
01042000	1	2223	1844
02042000	1	1872	1580
03042000	1	2584	2025
04042000	1	2563	2002
05042000	1	2524	2022
06042000	1	2612	2056
07042000	1	2611	2042
08042000	1	2255	1890
09042000	1	1855	1640
10042000	1	2531	1936
11042000	1	2443	2026
12042000	1	2483	2045
13042000	1	2616	2003
14042000	1	2559	1983
15042000	1	2188	1871
16042000	1	1897	1691
17042000	1	2542	2032
18042000	1	2572	2085
19042000	1	2490	2024
20042000	1	2543	1891
21042000	1	2092	1627
22042000	1	1882	1803
23042000	1	1834	1777
24042000	1	2431	2000
25042000	1	2455	2015
26042000	1	2549	1975
27042000	1	2547	2003
28042000	1	2495	2033
29042000	1	2155	1890
30042000	1	1893	1685
01052000	1	1904	1586
02052000	1	2392	1989
03052000	1	2391	2009
04052000	1	2052	2036
05052000	1	2117	1993
06052000	1	1828	1889
07052000	1	1829	1745
08052000	1	2169	2000
09052000	1	2198	2063
10052000	1	2310	2043
11052000	1	2333	1989
12052000	1	2272	1933
13052000	1	1842	1844
14052000	1	1869	1679
15052000	1	2229	1901
16052000	1	2218	1961
17052000	1	2253	1968
18052000	1	2226	2020
19052000	1	2246	2023
20052000	1	1802	1911
21052000	1	1747	1951
22052000	1	2226	1948
23052000	1	2248	1940
24052000	1	2263	1979
25052000	1	2195	1913
26052000	1	2275	1925
27052000	1	1872	1879
28052000	1	1734	1748
29052000	1	2248	1921
30052000	1	1975	1911
31052000	1	2144	1923
01062000	1	2055	1972
02062000	1	1993	1959
03062000	1	1947	1956
04062000	1	1781	1716
05062000	1	2072	1900
06062000	1	2148	1890
07062000	1	2022	1925
08062000	1	1908	1865
09062000	1	1681	1949
10062000	1	1574	1816
11062000	1	1512	1672
12062000	1	1868	1900
13062000	1	1978	1960
14062000	1	2098	1973
15062000	1	2081	1946
16062000	1	2094	1960
17062000	1	1670	1798
18062000	1	1541	1747
19062000	1	2131	1990
20062000	1	2061	1942
21062000	1	1978	1380
22062000	1	1962	1746
23062000	1	2017	1916
24062000	1	1750	1731
25062000	1	1719	1710
26062000	1	2003	1980
27062000	1	2013	1898
28062000	1	2019	1892
29062000	1	2023	1909
30062000	1	2036	1911
01072000	1	1699	1812
02072000	1	1676	1741
03072000	1	2002	1909
04072000	1	2027	1916
05072000	1	2092	1888
06072000	1	2067	1874
07072000	1	2001	1948
08072000	1	1615	1798
09072000	1	1597	1483
10072000	1	1915	1936
11072000	1	1929	1931
12072000	1	1863	1933
13072000	1	1878	1941
14072000	1	1919	1975
15072000	1	1606	1844
16072000	1	1597	1737
17072000	1	1895	1940
18072000	1	1889	2010
19072000	1	1953	1999
20072000	1	1932	1972
21072000	1	1979	1945
22072000	1	1707	1943
23072000	1	1678	1716
24072000	1	2123	1953
25072000	1	2223	1989
26072000	1	2244	1997
27072000	1	2236	1946
28072000	1	2177	1971
29072000	1	1738	1851
30072000	1	1572	1621
31072000	1	2018	1999
01082000	1	2155	1951
02082000	1	2189	1942
03082000	1	2122	1979
04082000	1	1999	2017
05082000	1	1747	1954
06082000	1	1735	1759
07082000	1	2114	1980
08082000	1	2097	2033
09082000	1	2237	1971
10082000	1	2204	2016
11082000	1	2072	2026
12082000	1	1596	1939
13082000	1	1556	1693
14082000	1	2011	1943
15082000	1	2133	1986
16082000	1	2143	1994
17082000	1	2170	1995
18082000	1	2079	2061
19082000	1	1605	1874
20082000	1	1547	1706
21082000	1	2054	1930
22082000	1	2113	1984
23082000	1	2066	2025
24082000	1	2091	1839
25082000	1	2084	2059
26082000	1	1659	1883
27082000	1	1826	1773
28082000	1	2010	2087
29082000	1	2080	2002
30082000	1	2088	2037
31082000	1	2139	2055
01092000	1	2121	2045
02092000	1	1652	2210
03092000	1	1616	1729
04092000	1	2079	2000
05092000	1	2217	2059
06092000	1	2255	2069
07092000	1	1779	1707
08092000	1	1998	1983
09092000	1	1828	1975
10092000	1	1801	1633
11092000	1	2220	1938
12092000	1	2207	2013
13092000	1	2222	1981
14092000	1	2231	2001
15092000	1	2086	2061
16092000	1	1616	1941
17092000	1	1689	1707
18092000	1	1755	1758
19092000	1	1913	2024
20092000	1	1932	2087
21092000	1	2015	2047
22092000	1	1918	2045
23092000	1	1649	2031
24092000	1	1652	1850
25092000	1	2108	2044
26092000	1	2250	2081
27092000	1	2146	2093
28092000	1	2235	2149
29092000	1	2065	2066
30092000	1	1849	1972
01102000	1	1794	1691
02102000	1	2286	2058
03102000	1	2387	2078
04102000	1	2332	2241
05102000	1	2417	2271
06102000	1	2410	2426
07102000	1	2053	2200
08102000	1	2044	1963
09102000	1	2226	2009
10102000	1	2317	2350
11102000	1	2001	1960
12102000	1	2080	2043
13102000	1	2403	2218
14102000	1	2134	2231
15102000	1	1979	1991
16102000	1	2408	2209
17102000	1	2453	2348
18102000	1	2385	2285
19102000	1	2453	2265
20102000	1	2466	2396
21102000	1	2046	2171
22102000	1	1923	1911
23102000	1	2267	2210
24102000	1	2229	2287
25102000	1	2219	2297
26102000	1	2247	2373
27102000	1	2243	2304
28102000	1	1850	2189
29102000	1	1871	1759
30102000	1	2075	2198
31102000	1	2046	2338
01112000	1	2041	2304
02112000	1	2056	2120
03112000	1	2081	2341
04112000	1	1881	2139
05112000	1	1786	1930
06112000	1	2015	2317
07112000	1	2097	2339
08112000	1	2164	2315
09112000	1	1953	2276
10112000	1	1934	2223
11112000	1	1779	2229
12112000	1	1690	1760
13112000	1	1713	2230
14112000	1	1643	2313
15112000	1	1554	2137
16112000	1	1659	2325
17112000	1	1700	2406
18112000	1	1708	2249
19112000	1	1597	1792
20112000	1	1726	2315
21112000	1	1701	2302
22112000	1	1627	2440
23112000	1	1592	2378
24112000	1	1618	2420
25112000	1	1571	2093
26112000	1	1560	2153
27112000	1	1718	2419
28112000	1	1907	2388
29112000	1	1889	2454
30112000	1	1849	2443
01122000	1	1909	2396
02122000	1	1962	2238
03122000	1	1794	1996
04122000	1	1934	2355
05122000	1	2217	2243
06122000	1	2099	2450
07122000	1	2415	2453
08122000	1	2145	2466
09122000	1	2049	2006
10122000	1	1943	2044
11122000	1	2318	2397
12122000	1	2310	2317
13122000	1	2252	2312
14122000	1	2284	2348
15122000	1	2225	2051
16122000	1	2021	1984
17122000	1	1769	1780
18122000	1	1944	2167
19122000	1	2000	2131
20122000	1	2027	2076
21122000	1	2174	2112
22122000	1	1774	2172
23122000	1	1557	2072
24122000	1	1467	1856
25122000	1	1593	1665
26122000	1	1668	1992
27122000	1	1428	2022
28122000	1	1396	2089
29122000	1	1460	1980
30122000	1	1508	1913
31122000	1	1458	1777
01012001	1	1465	1698
02012001	1	1653	2079
03012001	1	1518	2066
04012001	1	1528	2109
05012001	1	1519	2025
06012001	1	1505	1849
07012001	1	1455	1696
08012001	1	1808	1978
09012001	1	1933	2115
10012001	1	1906	2048
11012001	1	1948	1999
12012001	1	2078	2084
13012001	1	1906	1884
14012001	1	1855	1713
15012001	1	2105	2000
16012001	1	2119	2038
17012001	1	2076	2028
18012001	1	2114	2032
19012001	1	2171	2056
20012001	1	1931	2052
21012001	1	1851	1770
22012001	1	2168	2093
23012001	1	2141	2122
24012001	1	2129	2072
25012001	1	2216	2026
26012001	1	2396	2165
27012001	1	1955	1959
28012001	1	1871	1785
29012001	1	2149	2113
30012001	1	2294	2122
31012001	1	2250	2039
01022001	1	2308	2202
02022001	1	2395	2165
03022001	1	1896	2028
04022001	1	1886	1729
05022001	1	2109	2050
06022001	1	2229	2071
07022001	1	2319	2166
08022001	1	2287	2219
09022001	1	2321	2113
10022001	1	1941	1943
11022001	1	2027	1866
12022001	1	2142	2150
13022001	1	2194	2138
14022001	1	2240	2109
15022001	1	2119	2048
16022001	1	2072	2115
17022001	1	1667	1999
18022001	1	1757	1904
19022001	1	1955	2151
20022001	1	2130	2219
21022001	1	2093	2249
22022001	1	1841	2183
23022001	1	1845	2119
24022001	1	1730	1980
25022001	1	1653	1664
26022001	1	1525	1771
27022001	1	1475	1761
28022001	1	1812	1949
01032001	1	2282	1972
02032001	1	2262	2058
03032001	1	1719	2064
04032001	1	1775	1760
05032001	1	2376	2176
06032001	1	2379	2043
07032001	1	2411	2189
08032001	1	2333	2113
09032001	1	2558	2156
10032001	1	1955	2037
11032001	1	1821	1804
12032001	1	2386	1915
13032001	1	1755	2145
14032001	1	1352	2084
15032001	1	1395	2011
16032001	1	1455	1982
17032001	1	1498	1818
18032001	1	1398	1693
19032001	1	1951	2014
20032001	1	2262	2023
21032001	1	2240	2055
22032001	1	2263	2014
23032001	1	2273	1995
24032001	1	1846	1887
25032001	1	1731	1727
26032001	1	2341	2054
27032001	1	2328	2031
28032001	1	2467	2038
29032001	1	2420	2012
30032001	1	2404	1981
31032001	1	1718	1752
01042001	1	1594	1489
02042001	1	2136	1938
03042001	1	2281	1835
04042001	1	2332	1817
05042001	1	2313	1928
06042001	1	2173	1984
07042001	1	1651	1775
08042001	1	1666	1580
09042001	1	2203	1901
10042001	1	2343	1905
11042001	1	2211	1871
12042001	1	1905	1865
13042001	1	1636	1500
14042001	1	1754	1536
15042001	1	1728	1501
16042001	1	2345	1790
17042001	1	2551	1835
18042001	1	2610	1807
19042001	1	2471	1736
20042001	1	2468	1865
21042001	1	1893	1595
22042001	1	1808	1617
23042001	1	2372	1926
24042001	1	1777	1905
25042001	1	1426	1919
26042001	1	1507	1848
27042001	1	1403	1960
28042001	1	1388	1896
29042001	1	1348	1574
30042001	1	1331	1961
01052001	1	1352	1466
02052001	1	1396	1897
03052001	1	1577	1854
04052001	1	1427	1813
05052001	1	1341	1792
06052001	1	1277	1489
07052001	1	1333	1865
08052001	1	1332	1947
09052001	1	1330	2088
10052001	1	1383	1998
11052001	1	1386	1978
12052001	1	1405	1762
13052001	1	1310	1680
14052001	1	1368	1918
15052001	1	1365	1878
16052001	1	1378	1815
17052001	1	1354	1835
18052001	1	1347	1745
19052001	1	1373	1764
20052001	1	1308	1562
21052001	1	1324	1562
22052001	1	1314	1594
23052001	1	1265	1513
24052001	1	1271	1642
25052001	1	1243	1640
26052001	1	1219	1533
27052001	1	1218	1533
28052001	1	1223	1487
29052001	1	1230	1558
30052001	1	1224	1550
31052001	1	1219	1468
01062001	1	1221	1301
02062001	1	1220	1272
03062001	1	1219	1272
04062001	1	1226	1217
05062001	1	1171	1250
06062001	1	1225	1312
07062001	1	1271	1252
08062001	1	1210	1319
09062001	1	1217	1252
10062001	1	1107	1252
11062001	1	1156	1305
12062001	1	1204	1305
13062001	1	1175	1208
14062001	1	1182	1138
15062001	1	1155	1019
16062001	1	1001	1036
17062001	1	1014	1019
18062001	1	1000	1002
19062001	1	997	1009
20062001	1	925	1235
21062001	1	1017	1311
22062001	1	1002	1190
23062001	1	1002	1172
24062001	1	1002	1039
25062001	1	1003	998
26062001	1	1012	1053
27062001	1	1005	1151
28062001	1	1018	998
29062001	1	1012	1119
30062001	1	1006	1134
01072001	1	1010	1029
02072001	1	1054	1028
03072001	1	1054	1028
04072001	1	1024	1066
05072001	1	1018	1068
06072001	1	1014	1073
07072001	1	1024	1148
08072001	1	1032	1054
09072001	1	1103	1105
10072001	1	1012	1092
11072001	1	1030	1042
12072001	1	1060	1042
13072001	1	1070	1210
14072001	1	1010	1203
15072001	1	1001	1028
16072001	1	1005	1095
17072001	1	1009	1112
18072001	1	1038	1097
19072001	1	996	1110
20072001	1	980	1096
21072001	1	990	1227
22072001	1	982	1032
23072001	1	981	1107
24072001	1	976	1145
25072001	1	975	1137
26072001	1	985	1168
27072001	1	969	1160
28072001	1	980	1205
29072001	1	986	1017
30072001	1	1024	1011
31072001	1	970	1038
01082001	1	971	1120
02082001	1	1041	1218
03082001	1	974	1176
04082001	1	974	1062
05082001	1	985	1065
06082001	1	985	1039
07082001	1	983	1069
08082001	1	981	1069
09082001	1	980	1058
10082001	1	975	1155
11082001	1	985	1129
12082001	1	982	1091
13082001	1	976	1106
14082001	1	977	1190
15082001	1	985	1154
16082001	1	979	1092
17082001	1	980	1149
18082001	1	980	1128
19082001	1	982	1132
20082001	1	980	1114
21082001	1	987	1151
22082001	1	988	1196
23082001	1	984	1193
24082001	1	990	1103
25082001	1	988	1135
26082001	1	998	1098
27082001	1	994	1068
28082001	1	988	1158
29082001	1	991	1209
30082001	1	998	1240
31082001	1	994	1175
01092001	1	1009	1187
02092001	1	1026	1084
03092001	1	1080	1125
04092001	1	1074	1173
05092001	1	1087	1167
06092001	1	1094	1164
07092001	1	1087	1102
08092001	1	1086	1046
09092001	1	1093	1086
10092001	1	1094	1133
11092001	1	1058	1170
12092001	1	1086	1424
13092001	1	1095	1170
14092001	1	1065	1391
15092001	1	1069	1291
16092001	1	1068	1170
17092001	1	1091	1305
18092001	1	1101	1369
19092001	1	1085	1260
20092001	1	1087	1204
21092001	1	1097	1254
22092001	1	1100	1396
23092001	1	1099	1161
24092001	1	1099	1247
25092001	1	1100	1249
26092001	1	1093	1314
27092001	1	1098	1402
28092001	1	1109	1229
29092001	1	1182	1147
30092001	1	1195	1166
01102001	1	1176	1264
02102001	1	1191	1329
03102001	1	1191	1295
04102001	1	1204	1380
05102001	1	1202	1370
06102001	1	1221	1380
07102001	1	1204	1208
08102001	1	1205	1409
09102001	1	1216	1187
10102001	1	1235	1380
11102001	1	1196	1227
12102001	1	1204	1147
13102001	1	1205	1122
14102001	1	1203	1140
15102001	1	1211	1178
16102001	1	1208	1203
17102001	1	1202	1257
18102001	1	1197	1263
19102001	1	1219	1252
20102001	1	1196	1203
21102001	1	1195	1273
22102001	1	1200	1167
23102001	1	1196	1179
24102001	1	1193	1260
25102001	1	1208	1176
26102001	1	1218	1220
27102001	1	1182	1237
28102001	1	1208	1156
29102001	1	1192	1310
30102001	1	1188	1202
31102001	1	1107	1220
01112001	1	1093	1312
02112001	1	1102	1166
03112001	1	1112	1200
04112001	1	1122	1161
05112001	1	1109	1191
06112001	1	1115	1348
07112001	1	1097	1363
08112001	1	1111	1317
09112001	1	1145	1308
10112001	1	1087	1210
11112001	1	1101	1163
12112001	1	1094	1240
13112001	1	1099	1316
14112001	1	1128	1347
15112001	1	1103	1214
16112001	1	1102	1223
17112001	1	1090	1267
18112001	1	1080	1160
19112001	1	1087	1308
20112001	1	1110	1244
21112001	1	1100	1289
22112001	1	1118	1362
23112001	1	1092	1328
24112001	1	1112	1372
25112001	1	1100	1168
26112001	1	1100	1176
27112001	1	1100	1186
28112001	1	1100	1215
29112001	1	1100	1301
30112001	1	1100	1303
01122001	1	1200	1315
02122001	1	1200	1384
03122001	1	1200	1318
04122001	1	1200	1269
05122001	1	1600	1265
06122001	1	1773	1320
07122001	1	2000	1253
08122001	1	2000	1244
09122001	1	2000	1252
10122001	1	1950	1167
11122001	1	1950	1180
12122001	1	1650	1418
13122001	1	1550	1352
14122001	1	1550	1238
15122001	1	1500	1197
16122001	1	1450	1297
17122001	1	1450	1272
18122001	1	1450	1414
19122001	1	1450	1308
20122001	1	1250	1406
21122001	1	1200	1274
22122001	1	1200	1299
23122001	1	1200	1198
24122001	1	1211	1161
25122001	1	1154	1070
26122001	1	1166	1229
27122001	1	1150	1291
28122001	1	1200	1274
29122001	1	1200	1292
30122001	1	1200	1106
31122001	1	1200	1107
01012002	1	1200	1128
02012002	1	1200	1167
03012002	1	1194	1172
04012002	1	1200	1455
05012002	1	1200	1345
06012002	1	1200	1088
07012002	1	1100	1311
08012002	1	1005	1254
09012002	1	1000	1219
10012002	1	1004	1235
11012002	1	1000	1266
12012002	1	994	1122
13012002	1	1000	1054
14012002	1	1000	1213
15012002	1	1000	1254
16012002	1	1000	1230
17012002	1	1000	1274
18012002	1	1000	1401
19012002	1	920	1520
20012002	1	940	1461
21012002	1	900	1677
22012002	1	900	1995
23012002	1	900	1912
24012002	1	978	1887
25012002	1	887	1808
26012002	1	887	1744
27012002	1	905	1558
28012002	1	980	1750
29012002	1	980	1478
30012002	1	980	1382
31012002	1	1000	1366
01022002	1	1000	1440
02022002	1	1000	1330
03022002	1	1016	1332
04022002	1	1077	1216
05022002	1	1008	1405
06022002	1	997	1414
07022002	1	1004	1470
08022002	1	999	1312
09022002	1	1003	1296
10022002	1	994	1139
11022002	1	1008	1063
12022002	1	1000	1112
13022002	1	989	1175
14022002	1	1227	1206
15022002	1	997	1323
16022002	1	1016	1282
17022002	1	1010	1178
18022002	1	1012	1355
19022002	1	1010	1473
20022002	1	1009	1395
21022002	1	1005	1468
22022002	1	996	1534
23022002	1	1012	1316
24022002	1	991	1311
25022002	1	1007	1485
26022002	1	1012	1538
27022002	1	1006	1448
28022002	1	996	1454
01032002	1	985	1438
02032002	1	1196	1332
03032002	1	1414	1361
04032002	1	1485	1439
05032002	1	1495	1526
06032002	1	1454	1449
07032002	1	1513	1539
08032002	1	1517	1542
09032002	1	1493	1317
10032002	1	1488	1307
11032002	1	1662	1456
12032002	1	1698	1336
13032002	1	1610	1424
14032002	1	1587	1451
15032002	1	1593	1473
16032002	1	1587	1418
17032002	1	1661	1320
18032002	1	1800	1397
19032002	1	1800	1305
20032002	1	1800	1408
21032002	1	1800	1481
22032002	1	1800	1477
23032002	1	1812	1376
24032002	1	1789	1213
25032002	1	1849	1325
26032002	1	1825	1541
27032002	1	1861	1337
28032002	1	1847	1331
29032002	1	1600	1227
30032002	1	1770	1220
31032002	1	1600	1237
01042002	1	1800	1319
02042002	1	1800	1468
03042002	1	1800	1495
04042002	1	1780	1453
05042002	1	1800	1382
06042002	1	1600	1347
07042002	1	1600	1343
08042002	1	1800	1378
09042002	1	1800	1648
10042002	1	1800	1385
11042002	1	1800	1484
12042002	1	1800	1446
13042002	1	1800	1459
14042002	1	1650	1314
15042002	1	1800	1353
16042002	1	1800	1375
17042002	1	1800	1413
18042002	1	1800	1460
19042002	1	1800	1449
20042002	1	1800	1401
21042002	1	1600	1273
22042002	1	1800	1306
23042002	1	1800	1391
24042002	1	1800	1523
25042002	1	1800	1451
26042002	1	1800	1488
27042002	1	1800	1378
28042002	1	1600	1312
29042002	1	1800	1548
30042002	1	1800	1444
01052002	1	1600	1407
02052002	1	1800	1501
03052002	1	1800	1497
04052002	1	1600	1490
05052002	1	1600	1462
06052002	1	1588	1541
07052002	1	1600	1426
08052002	1	1600	1562
09052002	1	1587	1657
10052002	1	1606	1479
11052002	1	1519	1783
12052002	1	1364	1371
13052002	1	1556	1744
14052002	1	1797	1762
15052002	1	1700	1764
16052002	1	1708	1857
17052002	1	1800	1878
18052002	1	1750	1727
19052002	1	1750	1356
20052002	1	2000	1694
21052002	1	2000	1727
22052002	1	2000	1685
23052002	1	2000	1680
24052002	1	1847	1571
25052002	1	1708	1493
26052002	1	1795	1238
27052002	1	1880	1550
28052002	1	1713	1575
29052002	1	1729	1656
30052002	1	1586	1735
31052002	1	1600	1567
01062002	1	1500	1396
02062002	1	1500	1447
03062002	1	1600	1510
04062002	1	1500	1619
05062002	1	1500	1698
06062002	1	1500	1677
07062002	1	1504	1579
08062002	1	1492	1567
09062002	1	1399	1499
10062002	1	1593	1584
11062002	1	1700	1672
12062002	1	1710	1676
13062002	1	1681	1625
14062002	1	1723	1758
15062002	1	1700	1592
16062002	1	1500	1416
17062002	1	1700	1547
18062002	1	1800	1687
19062002	1	1800	1553
20062002	1	1800	1540
21062002	1	1820	1585
22062002	1	1818	1637
23062002	1	1600	1444
24062002	1	1737	1468
25062002	1	1533	1550
26062002	1	1821	1509
27062002	1	1814	1588
28062002	1	1741	1591
29062002	1	1460	1494
30062002	1	1419	1345
01072002	1	1400	1554
02072002	1	1350	1555
03072002	1	1349	1553
04072002	1	1435	1539
05072002	1	1467	1563
06072002	1	1453	1441
07072002	1	1457	1374
08072002	1	1652	1400
09072002	1	1618	1560
10072002	1	1592	1699
11072002	1	1619	1593
12072002	1	1600	1617
13072002	1	1500	1599
14072002	1	1500	1629
15072002	1	1500	1573
16072002	1	1518	1624
17072002	1	1500	1643
18072002	1	1619	1548
19072002	1	1611	1669
20072002	1	1615	1655
21072002	1	1694	1327
22072002	1	1847	1604
23072002	1	1830	1742
24072002	1	1924	1748
25072002	1	1908	1690
26072002	1	1885	1708
27072002	1	1755	1589
28072002	1	1752	1404
29072002	1	1682	1691
30072002	1	1603	1692
31072002	1	1587	1640
01082002	1	1603	1638
02082002	1	1605	1643
03082002	1	1519	1608
04082002	1	1511	1428
05082002	1	1676	1622
06082002	1	1723	1739
07082002	1	1825	1864
08082002	1	1901	1918
09082002	1	1921	1906
10082002	1	1800	1605
11082002	1	1710	1405
12082002	1	1705	1511
13082002	1	1600	1604
14082002	1	1600	1658
15082002	1	1500	1623
16082002	1	1500	1688
17082002	1	1510	1680
18082002	1	1494	1420
19082002	1	1576	1511
20082002	1	1590	1607
21082002	1	1600	1631
22082002	1	1607	1652
23082002	1	1705	1674
24082002	1	1713	1649
25082002	1	1712	1354
26082002	1	1708	1571
27082002	1	1715	1646
28082002	1	1711	1682
29082002	1	1689	1635
30082002	1	1690	1632
31082002	1	1804	1793
01092002	1	1802	1702
02092002	1	1792	1848
03092002	1	1689	1995
04092002	1	1690	1967
05092002	1	1804	1917
06092002	1	1943	1914
07092002	1	2027	1657
08092002	1	2025	1678
09092002	1	2023	1917
10092002	1	2123	1982
11092002	1	2005	1924
12092002	1	2000	1978
13092002	1	1950	2066
14092002	1	1820	2008
15092002	1	1726	1753
16092002	1	1700	1958
17092002	1	1726	1961
18092002	1	1682	1957
19092002	1	1694	2038
20092002	1	1700	1939
21092002	1	1730	1873
22092002	1	1724	1649
23092002	1	1788	1950
24092002	1	1781	1905
25092002	1	1979	1822
26092002	1	1984	1870
27092002	1	1880	1799
28092002	1	1779	1826
29092002	1	1622	1581
30092002	1	1600	1677
01102002	1	1634	1811
02102002	1	1653	1764
03102002	1	1650	1801
04102002	1	1646	1751
05102002	1	1680	1886
06102002	1	1671	1544
07102002	1	1712	1777
08102002	1	1679	1869
09102002	1	1666	1877
10102002	1	1707	1826
11102002	1	1641	1869
12102002	1	1644	1649
13102002	1	1548	1570
14102002	1	1545	1806
15102002	1	1502	1901
16102002	1	1500	1919
17102002	1	1560	1909
18102002	1	1484	1934
19102002	1	1420	1875
20102002	1	1400	1702
21102002	1	1440	1770
22102002	1	1646	1983
23102002	1	1446	2048
24102002	1	1443	1942
25102002	1	1414	1979
26102002	1	1562	1981
27102002	1	1467	1788
28102002	1	1473	2018
29102002	1	1444	2198
30102002	1	1496	2192
31102002	1	1438	2184
01112002	1	1431	1975
02112002	1	1461	1781
03112002	1	1491	1810
04112002	1	1530	1869
05112002	1	1493	2075
06112002	1	1509	2062
07112002	1	1509	2026
08112002	1	1490	1920
09112002	1	1762	1660
10112002	1	1564	1771
11112002	1	1738	1900
12112002	1	1810	1930
13112002	1	1717	1964
14112002	1	1778	2071
15112002	1	1787	1778
16112002	1	1793	1811
17112002	1	1808	1851
18112002	1	1781	2085
19112002	1	1822	1917
20112002	1	1809	2047
21112002	1	1781	2031
22112002	1	1801	2176
23112002	1	1819	2073
24112002	1	1805	1897
25112002	1	1796	2035
26112002	1	1824	2134
27112002	1	1820	2085
28112002	1	1786	2143
29112002	1	1851	2343
30112002	1	1813	2080
01122002	1	1898	1704
02122002	1	1920	2115
03122002	1	1882	2163
04122002	1	1938	2166
05122002	1	1693	2226
06122002	1	1314	2271
07122002	1	1310	2135
08122002	1	1310	1962
09122002	1	1316	2145
10122002	1	1302	2158
11122002	1	1301	2210
12122002	1	1311	2189
13122002	1	1291	2150
14122002	1	1314	2118
15122002	1	1305	1971
16122002	1	1312	2074
17122002	1	1304	2190
18122002	1	1616	2177
19122002	1	1378	2150
20122002	1	1353	2198
21122002	1	1359	2094
22122002	1	1309	1961
23122002	1	1586	2053
24122002	1	1804	1886
25122002	1	1811	1415
26122002	1	1997	1932
27122002	1	1808	1771
28122002	1	1781	1600
29122002	1	1607	1623
30122002	1	1839	1611
31122002	1	1782	1726
01012003	1	1750	1462
02012003	1	1756	1864
03012003	1	1839	1750
04012003	1	1631	1711
05012003	1	1604	1594
06012003	1	1610	1748
07012003	1	1636	1931
08012003	1	1600	1960
09012003	1	1640	1937
10012003	1	1807	1939
11012003	1	1830	1740
12012003	1	1807	1809
13012003	1	1769	1826
14012003	1	1802	1932
15012003	1	1827	1997
16012003	1	1930	1942
17012003	1	1907	2108
18012003	1	1901	2118
19012003	1	1922	1983
20012003	1	2019	1958
21012003	1	2159	1907
22012003	1	2204	1717
23012003	1	2223	1722
24012003	1	2188	1776
25012003	1	2190	1654
26012003	1	1993	1584
27012003	1	1735	1772
28012003	1	1807	1835
29012003	1	1777	1859
30012003	1	1470	1816
31012003	1	1402	1839
01022003	1	1370	1657
02022003	1	1387	1570
03022003	1	1381	1700
04022003	1	1358	1663
05022003	1	1345	1734
06022003	1	1410	1736
07022003	1	1424	1728
08022003	1	1600	1744
09022003	1	1591	1553
10022003	1	1868	1880
11022003	1	1710	1866
12022003	1	1799	1771
13022003	1	1776	1678
14022003	1	1980	1680
15022003	1	1970	1583
16022003	1	1983	1457
17022003	1	1980	1579
18022003	1	2034	1701
19022003	1	2032	1819
20022003	1	2037	1849
21022003	1	2018	1749
22022003	1	1829	1704
23022003	1	1823	1618
24022003	1	1826	1697
25022003	1	1837	1645
26022003	1	1822	1719
27022003	1	1818	1693
28022003	1	1829	1725
01032003	1	1801	1624
02032003	1	1812	1494
03032003	1	1805	1498
04032003	1	1826	1510
05032003	1	1816	1569
06032003	1	1819	1766
07032003	1	1810	1798
08032003	1	1808	1705
09032003	1	1810	1612
10032003	1	1815	1730
11032003	1	1803	1881
12032003	1	1810	1694
13032003	1	1817	1769
14032003	1	1814	1752
15032003	1	1824	1793
16032003	1	1803	1613
17032003	1	1807	1646
18032003	1	1813	1703
19032003	1	1830	1675
20032003	1	1817	1680
21032003	1	1829	1563
22032003	1	1794	1670
23032003	1	1730	1505
24032003	1	1788	1522
25032003	1	1904	1690
26032003	1	1864	1703
27032003	1	1814	1642
28032003	1	1807	1698
29032003	1	1851	1454
30032003	1	1742	1290
31032003	1	1754	1576
01042003	1	1796	1632
02042003	1	1801	1645
03042003	1	1847	1694
04042003	1	1870	1552
05042003	1	1785	1635
06042003	1	1727	1455
07042003	1	1974	1752
08042003	1	2016	1707
09042003	1	1973	1513
10042003	1	1957	1614
11042003	1	1983	1719
12042003	1	1943	1750
13042003	1	1954	1607
14042003	1	1956	1690
15042003	1	1992	1829
16042003	1	1987	1794
17042003	1	1983	1801
18042003	1	1976	1403
19042003	1	1978	1641
20042003	1	1990	1487
21042003	1	1973	1565
22042003	1	1962	1717
23042003	1	1990	1722
24042003	1	2012	1770
25042003	1	2016	1825
26042003	1	2029	1729
27042003	1	2033	1526
28042003	1	2015	1714
29042003	1	2015	1725
30042003	1	2004	1747
01052003	1	2014	1456
02052003	1	2021	1731
03052003	1	2013	1606
04052003	1	2020	1409
05052003	1	2014	1625
06052003	1	2018	1943
07052003	1	2019	1933
08052003	1	2015	1577
09052003	1	2000	1719
10052003	1	2009	1659
11052003	1	2024	1404
12052003	1	1978	1623
13052003	1	2026	1695
14052003	1	2001	1637
15052003	1	2019	1660
16052003	1	2003	1601
17052003	1	1994	1599
18052003	1	2016	1439
19052003	1	2003	1515
20052003	1	1820	1640
21052003	1	1796	1695
22052003	1	1798	1714
23052003	1	1800	1756
24052003	1	1802	1590
25052003	1	1804	1488
26052003	1	1617	1812
27052003	1	1642	1831
28052003	1	1600	1720
29052003	1	1618	1808
30052003	1	1618	1639
31052003	1	1613	1614
01062003	1	1589	1512
02062003	1	1621	1676
03062003	1	1800	1641
04062003	1	1800	1590
05062003	1	1810	1527
06062003	1	1786	1654
07062003	1	1619	1667
08062003	1	1790	1446
09062003	1	1747	1578
10062003	1	1617	1388
11062003	1	1547	1460
12062003	1	1478	1448
13062003	1	1560	1442
14062003	1	1400	1462
15062003	1	1375	1361
16062003	1	1400	1336
17062003	1	1399	1350
18062003	1	1393	1331
19062003	1	1339	1367
20062003	1	1395	1393
21062003	1	1373	1348
22062003	1	1394	1302
23062003	1	1400	1279
24062003	1	1400	1398
25062003	1	1388	1337
26062003	1	1404	1520
27062003	1	1439	1430
28062003	1	1612	1695
29062003	1	1598	1446
30062003	1	1398	1373
01072003	1	1471	1439
02072003	1	1420	1376
03072003	1	1485	1428
04072003	1	1476	1404
05072003	1	1511	1427
06072003	1	1419	1384
07072003	1	1499	1359
08072003	1	1533	1457
09072003	1	1600	1487
10072003	1	1594	1522
11072003	1	1596	1563
12072003	1	1610	1527
13072003	1	1600	1371
14072003	1	1600	1496
15072003	1	1613	1507
16072003	1	1622	1529
17072003	1	1608	1580
18072003	1	1605	1600
19072003	1	1606	1612
20072003	1	1558	1398
21072003	1	1567	1452
22072003	1	1576	1483
23072003	1	1641	1451
24072003	1	1600	1514
25072003	1	1669	1570
26072003	1	1590	1507
27072003	1	1497	1397
28072003	1	1595	1557
29072003	1	1606	1456
30072003	1	1578	1538
31072003	1	1588	1507
01082003	1	1581	1585
02082003	1	1589	1425
03082003	1	1536	1415
04082003	1	1567	1441
05082003	1	1497	1434
06082003	1	1548	1499
07082003	1	1551	1458
08082003	1	1600	1466
09082003	1	1563	1419
10082003	1	1410	1347
11082003	1	1499	1455
12082003	1	1514	1359
13082003	1	1556	1718
14082003	1	1504	1543
15082003	1	1511	1561
16082003	1	1489	1549
17082003	1	1500	1369
18082003	1	1517	1500
19082003	1	1487	1583
20082003	1	1487	1523
21082003	1	1454	1580
22082003	1	1463	1595
23082003	1	1463	1641
24082003	1	1421	1400
25082003	1	1462	1510
26082003	1	1509	1501
27082003	1	1511	1608
28082003	1	1500	1618
29082003	1	1472	1678
30082003	1	1428	1693
31082003	1	1401	1384
01092003	1	1411	1538
02092003	1	1469	1613
03092003	1	1496	1599
04092003	1	1523	1637
05092003	1	1494	1576
06092003	1	1513	1594
07092003	1	1490	1429
08092003	1	1473	1465
09092003	1	1486	1430
10092003	1	1480	1580
11092003	1	1508	1601
12092003	1	1519	1550
13092003	1	1520	1558
14092003	1	1442	1478
15092003	1	1500	1548
16092003	1	1507	1564
17092003	1	1531	1725
18092003	1	1542	1679
19092003	1	1580	1771
20092003	1	1546	1531
21092003	1	1528	1471
22092003	1	1429	1628
23092003	1	1456	1630
24092003	1	1534	1617
25092003	1	1533	1802
26092003	1	1539	1792
27092003	1	1520	1841
28092003	1	1496	1462
29092003	1	1520	1464
30092003	1	1540	1802
01102003	1	1546	1742
02102003	1	1532	1717
03102003	1	1508	1721
04102003	1	1501	1568
05102003	1	1501	1754
06102003	1	1496	1674
07102003	1	1547	1837
08102003	1	1509	1817
09102003	1	1522	1896
10102003	1	1497	1836
11102003	1	1448	1563
12102003	1	1465	1625
13102003	1	1546	1800
14102003	1	1528	1777
15102003	1	1516	2005
16102003	1	1501	1959
17102003	1	1494	1840
18102003	1	1481	1572
19102003	1	1423	1509
20102003	1	1435	1787
21102003	1	1432	1834
22102003	1	1464	2036
23102003	1	1438	1888
24102003	1	1485	1968
25102003	1	1569	1942
26102003	1	1465	1652
27102003	1	1526	1815
28102003	1	1462	1839
29102003	1	1513	1926
30102003	1	1490	1910
31102003	1	1518	1804
01112003	1	1465	1632
02112003	1	1508	1734
03112003	1	1510	1690
04112003	1	1500	1708
05112003	1	1400	1692
06112003	1	1300	1860
07112003	1	1328	1741
08112003	1	1300	1573
09112003	1	1314	1679
10112003	1	1313	1722
11112003	1	1318	1774
12112003	1	1339	1774
13112003	1	1350	1715
14112003	1	1300	1761
15112003	1	1300	1676
16112003	1	1300	1615
17112003	1	1281	1826
18112003	1	1336	1613
19112003	1	1328	1678
20112003	1	1340	1724
21112003	1	1300	1842
22112003	1	1300	1681
23112003	1	1344	1594
24112003	1	1336	1721
25112003	1	1342	1930
26112003	1	1358	1874
27112003	1	1385	1836
28112003	1	1356	1936
29112003	1	1342	1852
30112003	1	1346	1544
01122003	1	1338	1652
02122003	1	1336	1736
03122003	1	1306	1810
04122003	1	1309	1886
05122003	1	1311	1864
06122003	1	1326	1819
07122003	1	1308	1847
08122003	1	1301	1578
09122003	1	1304	1787
10122003	1	1300	1806
11122003	1	1300	1829
12122003	1	1300	1768
13122003	1	1326	1736
14122003	1	1316	1461
15122003	1	1315	1630
16122003	1	1329	1654
17122003	1	1502	1798
18122003	1	1519	1703
19122003	1	1492	1561
20122003	1	1499	1627
21122003	1	1516	1509
22122003	1	1498	1654
23122003	1	1493	1611
24122003	1	1504	1475
25122003	1	1497	1405
26122003	1	1500	1520
27122003	1	1494	1556
28122003	1	1307	1329
29122003	1	1311	1364
30122003	1	1309	1324
31122003	1	1315	1310
01012004	1	1315	1304
02012004	1	1206	1214
03012004	1	1206	1199
04012004	1	1214	1198
05012004	1	1119	1164
06012004	1	1113	1186
07012004	1	1115	1182
08012004	1	1122	1171
09012004	1	1140	1167
10012004	1	1140	1157
11012004	1	1140	1168
12012004	1	1147	1170
13012004	1	1135	1166
14012004	1	1099	1160
15012004	1	1099	1070
16012004	1	1099	1099
17012004	1	1101	1093
18012004	1	1106	1099
19012004	1	1100	1103
20012004	1	1100	1115
21012004	1	1100	1203
22012004	1	1098	1104
23012004	1	1099	1106
24012004	1	1103	1102
25012004	1	1124	1143
26012004	1	1081	1148
27012004	1	1007	1500
28012004	1	1035	2894
29012004	1	1007	4449
30012004	1	978	5813
31012004	1	952	7664
01022004	1	1002	7958
02022004	1	1000	7969
03022004	1	971	7614
04022004	1	994	6963
05022004	1	1110	5766
06022004	1	1106	5508
07022004	1	1082	5498
08022004	1	1076	5494
09022004	1	1078	5234
10022004	1	1105	4271
11022004	1	1094	3738
12022004	1	1101	3230
13022004	1	1091	2799
14022004	1	1088	2183
15022004	1	1103	1961
16022004	1	1095	2107
17022004	1	1087	1902
18022004	1	1084	1692
19022004	1	1102	1626
20022004	1	1105	1403
21022004	1	1100	1510
22022004	1	1098	1423
23022004	1	1108	1398
24022004	1	1093	1371
25022004	1	1089	1302
26022004	1	1078	1622
27022004	1	1081	1544
28022004	1	1100	1319
29022004	1	1104	1552
01032004	1	1098	1573
02032004	1	1100	1478
03032004	1	1088	1523
04032004	1	1108	1404
05032004	1	1108	1474
06032004	1	1001	1323
07032004	1	1090	1448
08032004	1	1094	1389
09032004	1	1095	1440
10032004	1	1097	1456
11032004	1	1116	1500
12032004	1	1100	1456
13032004	1	1088	1262
14032004	1	1082	1320
15032004	1	1103	1319
16032004	1	1089	1364
17032004	1	1075	1356
18032004	1	1112	1466
19032004	1	1114	1465
20032004	1	1093	1310
21032004	1	1095	1320
22032004	1	1080	1401
23032004	1	1088	1392
24032004	1	1106	1476
25032004	1	1105	1379
26032004	1	1086	1407
27032004	1	1301	1483
28032004	1	1281	1318
29032004	1	1283	1493
30032004	1	1513	1451
31032004	1	1706	1454
01042004	1	1858	1793
02042004	1	2077	1912
03042004	1	2068	1620
04042004	1	2081	1465
05042004	1	2084	1605
06042004	1	2083	1636
07042004	1	2126	1532
08042004	1	2124	1556
09042004	1	1772	1283
10042004	1	1874	1288
11042004	1	1470	1289
12042004	1	1286	1432
13042004	1	1311	1776
14042004	1	1796	1694
15042004	1	2282	1778
16042004	1	2787	1784
17042004	1	3268	1719
18042004	1	3730	1453
19042004	1	3785	1575
20042004	1	3805	1684
21042004	1	3577	1531
22042004	1	3578	1750
23042004	1	3575	1745
24042004	1	3773	1677
25042004	1	3760	1568
26042004	1	3762	2200
27042004	1	3780	2868
28042004	1	3789	3447
29042004	1	3793	3870
30042004	1	3769	3696
01052004	1	3790	3734
02052004	1	3385	3774
03052004	1	3104	3738
04052004	1	3168	3470
05052004	1	3327	3453
06052004	1	3295	3271
07052004	1	3344	3237
08052004	1	2930	2996
09052004	1	2707	2688
10052004	1	2348	2974
11052004	1	1874	2696
12052004	1	1602	2586
13052004	1	1507	2609
14052004	1	1422	2242
15052004	1	1603	1847
16052004	1	1635	1777
17052004	1	1973	2068
18052004	1	1996	1892
19052004	1	2002	1829
20052004	1	1714	1714
21052004	1	1612	1665
22052004	1	1506	1419
23052004	1	1483	1649
24052004	1	1515	1595
25052004	1	1500	1693
26052004	1	1498	1746
27052004	1	1516	1789
28052004	1	1497	1858
29052004	1	1518	1682
30052004	1	1523	1440
31052004	1	1693	1795
01062004	1	1754	1883
02062004	1	1746	1684
03062004	1	1759	1575
04062004	1	1770	1566
05062004	1	1720	1591
06062004	1	1509	1599
07062004	1	1549	1687
08062004	1	1549	1687
09062004	1	1524	1693
10062004	1	1567	1474
11062004	1	1490	1585
12062004	1	1507	1451
13062004	1	1492	1367
14062004	1	1514	1482
15062004	1	1503	1444
16062004	1	1389	1409
17062004	1	1364	1475
18062004	1	1373	1420
19062004	1	1415	1438
20062004	1	1406	1329
21062004	1	1412	1406
22062004	1	1400	1490
23062004	1	1424	1378
24062004	1	1416	1343
25062004	1	1418	1441
26062004	1	1406	1510
27062004	1	1398	1404
28062004	1	1442	1605
29062004	1	1409	1577
30062004	1	1613	1499
01072004	1	1587	1560
02072004	1	1579	1467
03072004	1	1607	1588
04072004	1	1600	1411
05072004	1	1606	1411
06072004	1	1799	1643
07072004	1	1882	1870
08072004	1	1907	1836
09072004	1	1923	1601
10072004	1	1929	1635
11072004	1	1891	1365
12072004	1	2000	1583
13072004	1	2286	1532
14072004	1	1926	1803
15072004	1	2072	1801
16072004	1	1719	1728
17072004	1	1719	1575
18072004	1	1729	1385
19072004	1	1670	1490
20072004	1	1536	1454
21072004	1	1467	1588
22072004	1	1698	1673
23072004	1	1359	1816
24072004	1	1381	1634
25072004	1	1372	1477
26072004	1	1351	1658
27072004	1	1489	1573
28072004	1	1521	1740
29072004	1	1539	1808
30072004	1	1529	1755
31072004	1	1595	1682
01082004	1	1611	1588
02082004	1	1625	1757
03082004	1	1864	1932
04082004	1	1862	1851
05082004	1	1852	1810
06082004	1	1862	1837
07082004	1	2017	1715
08082004	1	2017	1597
09082004	1	2171	1787
10082004	1	2697	1726
11082004	1	2484	1703
12082004	1	2006	1722
13082004	1	1820	1984
14082004	1	1831	1988
15082004	1	1813	1528
16082004	1	2087	1810
17082004	1	2071	1896
18082004	1	2082	1953
19082004	1	2094	2177
20082004	1	2032	1954
21082004	1	1809	2122
22082004	1	1772	1658
23082004	1	1919	2019
24082004	1	1913	1986
25082004	1	1888	2041
26082004	1	1896	2069
27082004	1	1946	2030
28082004	1	1946	2030
29082004	1	1889	1807
30082004	1	2104	2145
31082004	1	2102	2206
01092004	1	2113	2023
02092004	1	2119	2074
03092004	1	2115	2195
04092004	1	2107	1921
05092004	1	2102	1843
06092004	1	2142	1923
07092004	1	2118	1785
08092004	1	2087	2053
09092004	1	2291	1947
10092004	1	2309	2183
11092004	1	2292	1941
12092004	1	2292	1801
13092004	1	2299	2094
14092004	1	2518	2248
15092004	1	2777	2069
16092004	1	2281	2010
17092004	1	2183	2196
18092004	1	2111	2123
19092004	1	2115	1859
20092004	1	2097	2087
21092004	1	2150	2074
22092004	1	2130	2045
23092004	1	2126	2177
24092004	1	2131	2021
25092004	1	2105	2166
26092004	1	1914	1940
27092004	1	1959	1782
28092004	1	1923	2050
29092004	1	1894	2107
30092004	1	1906	2096
01102004	1	1935	2142
02102004	1	1988	1853
03102004	1	1942	1541
04102004	1	1913	1697
05102004	1	1856	2220
06102004	1	1943	2245
07102004	1	1909	2218
08102004	1	1906	2200
09102004	1	1894	2180
10102004	1	1931	1992
11102004	1	1923	2177
12102004	1	1939	2103
13102004	1	1916	2245
14102004	1	2160	2139
15102004	1	2194	2200
16102004	1	2169	2119
17102004	1	2202	1840
18102004	1	2204	1999
19102004	1	2153	2237
20102004	1	2176	2118
21102004	1	2211	2280
22102004	1	2367	2425
23102004	1	2209	2122
24102004	1	2216	1943
25102004	1	2213	2128
26102004	1	2260	2191
27102004	1	2244	2271
28102004	1	2231	2229
29102004	1	2204	2047
30102004	1	2153	1858
31102004	1	2199	1671
01112004	1	2224	1852
02112004	1	2362	1777
03112004	1	2234	2012
04112004	1	2186	2117
05112004	1	2217	2212
06112004	1	2227	2030
07112004	1	2173	1843
08112004	1	2219	2053
09112004	1	2035	2164
10112004	1	1889	2123
11112004	1	1841	2127
12112004	1	1870	2243
13112004	1	1630	2189
14112004	1	1588	1953
15112004	1	1583	1813
16112004	1	1610	2134
17112004	1	1566	2163
18112004	1	1614	2213
19112004	1	1786	2275
20112004	1	1661	2342
21112004	1	1578	1917
22112004	1	1603	2139
23112004	1	1608	2237
24112004	1	1597	2202
25112004	1	1603	2202
26112004	1	1632	2156
27112004	1	1580	2043
28112004	1	1547	1756
29112004	1	1585	2130
30112004	1	1549	2038
01122004	1	1595	2104
02122004	1	1605	2042
03122004	1	1605	2052
04122004	1	1586	1986
05122004	1	1629	1648
06122004	1	1603	2042
07122004	1	1670	1910
08122004	1	1586	2010
09122004	1	1587	2190
10122004	1	1592	2140
11122004	1	1642	1961
12122004	1	1564	1814
13122004	1	1547	1963
14122004	1	1603	2117
15122004	1	1582	1972
16122004	1	1534	1947
17122004	1	1569	1956
18122004	1	1529	1615
19122004	1	1583	1562
20122004	1	1593	1835
21122004	1	1618	2015
22122004	1	1609	2035
23122004	1	1704	1978
24122004	1	1648	1643
25122004	1	1588	1513
26122004	1	1323	1456
27122004	1	1556	1583
28122004	1	1595	1763
29122004	1	1548	1680
30122004	1	1683	1544
31122004	1	1762	1555
01012005	1	1260	1504
02012005	1	1278	1531
03012005	1	1361	1543
04012005	1	1539	1894
05012005	1	1544	1953
06012005	1	1483	1811
07012005	1	1512	1639
08012005	1	1398	1782
09012005	1	1408	1561
10012005	1	1605	1919
11012005	1	1574	1875
12012005	1	1834	1892
13012005	1	1911	1892
14012005	1	1863	1775
15012005	1	1866	1771
16012005	1	1779	1498
17012005	1	1908	1789
18012005	1	1966	2033
19012005	1	2013	1682
20012005	1	1996	1825
21012005	1	1958	1717
22012005	1	1960	1633
23012005	1	1854	1556
24012005	1	1951	1622
25012005	1	1975	1809
26012005	1	1992	1838
27012005	1	1996	1903
28012005	1	2029	1995
29012005	1	1961	1853
30012005	1	1986	1588
31012005	1	2007	1547
01022005	1	1936	1639
02022005	1	1992	1613
03022005	1	1947	1557
04022005	1	1968	1569
05022005	1	2066	1581
06022005	1	1841	1460
07022005	1	1996	1472
08022005	1	1963	1359
09022005	1	1961	1480
10022005	1	2010	1519
11022005	1	1972	1564
12022005	1	2488	1489
13022005	1	2422	1546
14022005	1	2769	1671
15022005	1	2908	2574
16022005	1	3053	3129
17022005	1	3526	3160
18022005	1	3532	3557
19022005	1	3501	3879
20022005	1	3509	3991
21022005	1	3428	3963
22022005	1	3023	3977
23022005	1	2961	3503
24022005	1	3087	3500
25022005	1	3137	3454
26022005	1	3104	2953
27022005	1	3099	3049
28022005	1	3062	3031
01032005	1	2973	2949
02032005	1	2939	2825
03032005	1	2494	2510
04032005	1	2493	2658
05032005	1	2720	2637
06032005	1	2567	2465
07032005	1	2541	2494
08032005	1	2912	2407
09032005	1	2904	2379
10032005	1	2920	2429
11032005	1	2979	2480
12032005	1	2891	2482
13032005	1	2931	2387
14032005	1	2986	2518
15032005	1	3378	2911
16032005	1	3508	3084
17032005	1	3381	2919
18032005	1	3420	3550
19032005	1	3472	3543
20032005	1	3455	3523
21032005	1	3452	3547
22032005	1	3490	3516
23032005	1	3506	3396
24032005	1	3500	3481
25032005	1	3580	3498
26032005	1	3560	3792
27032005	1	3504	3792
28032005	1	3601	3865
29032005	1	3544	3791
30032005	1	3477	3839
31032005	1	3438	3831
01042005	1	3494	3795
02042005	1	3595	3822
03042005	1	3501	3843
04042005	1	3484	3821
05042005	1	3468	3333
06042005	1	3455	2797
07042005	1	3539	2325
08042005	1	3308	2222
09042005	1	2973	1947
10042005	1	2988	1755
11042005	1	3008	1978
12042005	1	2703	2033
13042005	1	2741	2060
14042005	1	2477	2034
15042005	1	2512	2190
16042005	1	2507	2203
17042005	1	2545	1892
18042005	1	2477	2210
19042005	1	2590	2469
20042005	1	2600	2566
21042005	1	2506	2578
22042005	1	2581	2752
23042005	1	2544	2429
24042005	1	2504	2232
25042005	1	2304	2303
26042005	1	2295	2241
27042005	1	2207	2242
28042005	1	2338	2288
29042005	1	2328	2539
30042005	1	1946	2309
01052005	1	2055	1849
02052005	1	2510	2358
03052005	1	2990	2887
04052005	1	3028	2847
05052005	1	2936	2842
06052005	1	2812	2904
07052005	1	2811	2988
08052005	1	2715	2850
09052005	1	2278	2864
10052005	1	2070	2879
11052005	1	2037	2268
12052005	1	2034	2191
13052005	1	2068	2176
14052005	1	1948	2315
15052005	1	1939	1832
16052005	1	1914	2112
17052005	1	1774	2163
18052005	1	1779	2152
19052005	1	1780	2159
20052005	1	1776	2240
21052005	1	1686	1915
22052005	1	1733	1837
23052005	1	1842	2191
24052005	1	1790	2101
25052005	1	1943	2122
26052005	1	1944	1837
27052005	1	1991	2080
28052005	1	1773	1629
29052005	1	1646	1555
30052005	1	2019	1812
31052005	1	2022	1807
01062005	1	1984	1852
02062005	1	1817	1738
03062005	1	1827	1692
04062005	1	1606	1579
05062005	1	1501	1559
06062005	1	1695	1696
07062005	1	1703	1748
08062005	1	1734	1756
09062005	1	1729	1855
10062005	1	1556	1757
11062005	1	1540	1623
12062005	1	1495	1539
13062005	1	1682	1755
14062005	1	1717	1757
15062005	1	1698	1693
16062005	1	1705	2030
17062005	1	1868	2033
18062005	1	2001	1945
19062005	1	1985	1801
20062005	1	2194	2046
21062005	1	2232	2172
22062005	1	2263	2256
23062005	1	2273	2168
24062005	1	1991	1871
25062005	1	1996	1905
26062005	1	2013	1782
27062005	1	2178	1966
28062005	1	2177	2041
29062005	1	2180	1998
30062005	1	2159	1999
01072005	1	2171	2053
02072005	1	2067	2030
03072005	1	2040	1964
04072005	1	1990	2036
05072005	1	2038	2056
06072005	1	2042	2076
07072005	1	2048	2045
08072005	1	2031	2226
09072005	1	1798	1922
10072005	1	1792	1842
11072005	1	1860	1985
12072005	1	1860	1962
13072005	1	1815	2027
14072005	1	1820	1936
15072005	1	1780	2014
16072005	1	2051	2383
17072005	1	1690	1713
18072005	1	1679	1996
19072005	1	1922	2132
20072005	1	1911	2137
21072005	1	1925	2020
22072005	1	1878	2047
23072005	1	1872	2084
24072005	1	1875	1574
25072005	1	1882	1781
26072005	1	1971	1662
27072005	1	1910	1697
28072005	1	1938	1716
29072005	1	1686	1912
30072005	1	1685	1614
31072005	1	1713	1559
01082005	1	1718	1718
02082005	1	1692	1684
03082005	1	1719	1780
04082005	1	1713	1853
05082005	1	1703	1929
06082005	1	1739	1671
07082005	1	1713	1537
08082005	1	1900	1996
09082005	1	2329	2120
10082005	1	2363	2206
11082005	1	2373	2134
12082005	1	2326	2077
13082005	1	2327	1942
14082005	1	2145	1834
15082005	1	2173	2104
16082005	1	2210	2136
17082005	1	2218	2092
18082005	1	2191	2028
19082005	1	2244	2098
20082005	1	2170	1969
21082005	1	2172	1824
22082005	1	2195	1967
23082005	1	1968	1971
24082005	1	1996	2029
25082005	1	2004	2030
26082005	1	2001	2054
27082005	1	2077	1935
28082005	1	1891	1737
29082005	1	1915	2145
30082005	1	1895	2090
31082005	1	1862	2130
01092005	1	1910	2207
02092005	1	1918	2105
03092005	1	1886	1993
04092005	1	1841	1808
05092005	1	1840	2125
06092005	1	1981	2190
07092005	1	1895	1898
08092005	1	2034	2164
09092005	1	2272	2175
10092005	1	2088	2098
11092005	1	2041	1796
12092005	1	2271	2121
13092005	1	2448	2085
14092005	1	2476	2205
15092005	1	2555	2177
16092005	1	2457	2134
17092005	1	2138	2092
18092005	1	2184	1822
19092005	1	2396	2224
20092005	1	2414	2255
21092005	1	2359	2205
22092005	1	2417	2193
23092005	1	2410	2215
24092005	1	2010	2291
25092005	1	2019	1880
26092005	1	2323	2203
27092005	1	2434	2384
28092005	1	2372	2201
29092005	1	2365	2244
30092005	1	2391	2202
01102005	1	2034	2166
02102005	1	1910	1981
03102005	1	2348	2269
04102005	1	2414	2350
05102005	1	2344	2199
06102005	1	2425	2392
07102005	1	2410	2456
08102005	1	2279	2245
09102005	1	2412	2037
10102005	1	2369	2306
11102005	1	2343	2398
12102005	1	2295	1981
13102005	1	2339	2091
14102005	1	2332	2352
15102005	1	2193	2025
16102005	1	2029	2014
17102005	1	2317	2177
18102005	1	2345	2211
19102005	1	2504	2245
20102005	1	2407	2284
21102005	1	2385	2328
22102005	1	2194	2062
23102005	1	1986	1589
24102005	1	2237	2193
25102005	1	2264	2135
26102005	1	2217	2241
27102005	1	2327	2277
28102005	1	2267	2212
29102005	1	1936	2103
30102005	1	2000	1821
31102005	1	1941	2294
01112005	1	2004	2203
02112005	1	1997	1904
03112005	1	1988	2184
04112005	1	1997	2254
05112005	1	2077	2043
06112005	1	2030	1871
07112005	1	2077	2338
08112005	1	1872	2260
09112005	1	1779	2280
10112005	1	1716	2311
11112005	1	1637	2312
12112005	1	1388	2260
13112005	1	1438	1940
14112005	1	1585	2214
15112005	1	1644	2039
16112005	1	1630	2215
17112005	1	1607	2407
18112005	1	1632	2324
19112005	1	1608	2142
20112005	1	1622	1874
21112005	1	1641	2366
22112005	1	1698	2385
23112005	1	1603	2450
24112005	1	1497	2321
25112005	1	1876	2389
26112005	1	1617	2227
27112005	1	1585	1957
28112005	1	1580	2146
29112005	1	1437	2173
30112005	1	1554	2106
01122005	1	1562	2117
02122005	1	1561	2208
03122005	1	1574	2193
04122005	1	1591	1793
05122005	1	2229	2061
06122005	1	2193	2109
07122005	1	2163	2077
08122005	1	2155	2126
09122005	1	2206	2063
10122005	1	1889	2011
11122005	1	1842	1901
12122005	1	2119	2080
13122005	1	2132	2026
14122005	1	2135	2003
15122005	1	2258	2114
16122005	1	2167	1999
17122005	1	1945	2162
18122005	1	1916	1895
19122005	1	2062	2069
20122005	1	2048	2159
21122005	1	1910	2120
22122005	1	1862	2049
23122005	1	1953	2068
24122005	1	1659	1711
25122005	1	1643	1617
26122005	1	1904	1937
27122005	1	1892	2113
28122005	1	2139	2004
29122005	1	2113	1968
30122005	1	2231	2013
31122005	1	1620	1841
01012006	1	1602	1611
02012006	1	2133	1899
03012006	1	2327	2044
04012006	1	2330	2108
05012006	1	2383	2036
06012006	1	2323	1899
07012006	1	1971	1889
08012006	1	1961	1576
09012006	1	2358	2087
10012006	1	2330	2060
11012006	1	2361	2110
12012006	1	2345	2157
13012006	1	2509	2126
14012006	1	1927	2045
15012006	1	2028	1922
16012006	1	2405	2092
17012006	1	2381	2126
18012006	1	2414	2197
19012006	1	2406	2153
20012006	1	2416	2157
21012006	1	1934	1956
22012006	1	1945	1704
23012006	1	2173	2046
24012006	1	2212	2145
25012006	1	2135	2124
26012006	1	2188	2209
27012006	1	2231	2230
28012006	1	1952	2294
29012006	1	1993	1898
30012006	1	2254	2136
31012006	1	2410	2216
01022006	1	2396	2139
02022006	1	2396	2119
03022006	1	2341	2149
04022006	1	2057	2072
05022006	1	1778	1915
06022006	1	2196	2067
07022006	1	2424	2093
08022006	1	2430	2272
09022006	1	2434	2209
10022006	1	2412	2254
11022006	1	2058	2215
12022006	1	2016	2068
13022006	1	2354	2120
14022006	1	2344	2130
15022006	1	2376	2137
16022006	1	2204	2070
17022006	1	2316	2018
18022006	1	1957	1960
19022006	1	2135	1798
20022006	1	2035	2428
21022006	1	1952	2183
22022006	1	2097	2272
23022006	1	2114	2360
24022006	1	2123	2196
25022006	1	1887	1950
26022006	1	1955	1935
27022006	1	1962	1936
28022006	1	1997	1893
01032006	1	2079	1905
02032006	1	2051	2117
03032006	1	2142	2119
04032006	1	1984	2013
05032006	1	2023	1702
06032006	1	2240	2053
07032006	1	2208	2181
08032006	1	2309	2219
09032006	1	2236	2405
10032006	1	2353	2243
11032006	1	2015	1985
12032006	1	1880	1712
13032006	1	2040	1970
14032006	1	1960	1893
15032006	1	1896	1813
16032006	1	2039	1678
17032006	1	1936	1663
18032006	1	1911	1590
19032006	1	1606	1500
20032006	1	1967	1607
21032006	1	1882	1616
22032006	1	1883	1696
23032006	1	1931	1666
24032006	1	1857	1795
25032006	1	1704	1546
26032006	1	1784	1612
27032006	1	2180	1847
28032006	1	2267	1990
29032006	1	2231	1977
30032006	1	2213	2008
31032006	1	2241	1784
01042006	1	1885	1627
02042006	1	1859	1442
03042006	1	2174	1756
04042006	1	2239	1624
05042006	1	2389	1697
06042006	1	2395	1763
07042006	1	2438	1690
08042006	1	1966	1618
09042006	1	2051	1577
10042006	1	2215	1599
11042006	1	2203	1801
12042006	1	2265	2004
13042006	1	2276	2267
14042006	1	2238	2052
15042006	1	2279	2074
16042006	1	2347	2081
17042006	1	2290	2273
18042006	1	2469	2322
19042006	1	2565	2287
20042006	1	2652	2337
21042006	1	2528	1925
22042006	1	2504	2385
23042006	1	2772	2731
24042006	1	3081	3037
25042006	1	2900	2718
26042006	1	2919	2753
27042006	1	2786	2798
28042006	1	2735	2758
29042006	1	2711	2702
30042006	1	2602	2853
01052006	1	2704	2765
02052006	1	2766	2685
03052006	1	2716	2861
04052006	1	2530	2730
05052006	1	2480	2797
06052006	1	2475	2796
07052006	1	2387	2500
08052006	1	2275	2375
09052006	1	2253	2198
10052006	1	2163	2174
11052006	1	2285	2258
12052006	1	2091	2435
13052006	1	2017	2257
14052006	1	1910	1960
15052006	1	2180	2234
16052006	1	2179	2164
17052006	1	2199	2112
18052006	1	2127	2086
19052006	1	2136	2118
20052006	1	1944	2019
21052006	1	1951	1963
22052006	1	2213	2086
23052006	1	2113	2290
24052006	1	2159	2091
25052006	1	2162	2128
26052006	1	2183	2034
27052006	1	1949	1912
28052006	1	1892	1648
29052006	1	1852	1985
30052006	1	1760	2015
31052006	1	1752	2049
01062006	1	1742	2121
02062006	1	1730	2175
03062006	1	1629	2021
04062006	1	1717	1610
05062006	1	1966	1982
06062006	1	1996	2056
07062006	1	2131	2090
08062006	1	2081	1980
09062006	1	2150	2022
10062006	1	1899	1893
11062006	1	1947	1694
12062006	1	2136	2037
13062006	1	2081	1910
14062006	1	2012	1824
15062006	1	2018	1712
16062006	1	2072	1984
17062006	1	2145	1841
18062006	1	1782	1639
19062006	1	1930	2041
20062006	1	1894	2251
21062006	1	1966	2054
22062006	1	2004	2158
23062006	1	1916	2143
24062006	1	1886	2009
25062006	1	1942	1864
26062006	1	1857	2066
27062006	1	2253	2041
28062006	1	2404	2317
29062006	1	2295	2138
30062006	1	2320	2158
01072006	1	2017	2000
02072006	1	1989	1818
03072006	1	2321	2122
04072006	1	2374	2207
05072006	1	2315	2187
06072006	1	2314	2143
07072006	1	2281	2141
08072006	1	2020	2040
09072006	1	1975	1896
10072006	1	2048	2177
11072006	1	2027	2272
12072006	1	2034	2297
13072006	1	2030	2215
14072006	1	2035	2185
15072006	1	1964	2059
16072006	1	2020	1933
17072006	1	2219	2157
18072006	1	2174	2203
19072006	1	2155	2165
20072006	1	2170	2229
21072006	1	2149	2247
22072006	1	1994	2180
23072006	1	2015	1941
24072006	1	2144	2114
25072006	1	2251	2193
26072006	1	2208	2281
27072006	1	2241	2256
28072006	1	2243	2291
29072006	1	1979	2335
30072006	1	1880	2077
31072006	1	2246	2377
01082006	1	2253	2359
02082006	1	2333	2348
03082006	1	2431	2390
04082006	1	2467	2316
05082006	1	2486	2197
06082006	1	2430	2014
07082006	1	2441	2284
08082006	1	2499	2296
09082006	1	2444	2268
10082006	1	2452	2285
11082006	1	2458	2219
12082006	1	2255	2285
13082006	1	2253	1962
14082006	1	2383	2330
15082006	1	2310	2323
16082006	1	2328	2366
17082006	1	2371	2377
18082006	1	2305	2374
19082006	1	2409	2240
20082006	1	2324	2011
21082006	1	2385	2347
22082006	1	2397	2409
23082006	1	2385	2425
24082006	1	2419	2518
25082006	1	2387	2468
26082006	1	2327	2228
27082006	1	2314	2019
28082006	1	2583	2350
29082006	1	2670	2388
30082006	1	2551	2424
31082006	1	2416	2326
01092006	1	2405	2342
02092006	1	2174	2124
03092006	1	2204	2052
04092006	1	2209	2424
05092006	1	2262	2666
06092006	1	2225	2615
07092006	1	2164	2177
08092006	1	2145	2512
09092006	1	2203	2305
10092006	1	2319	2070
11092006	1	2532	2448
12092006	1	2467	2519
13092006	1	2606	2559
14092006	1	2600	2470
15092006	1	2628	2508
16092006	1	2565	2325
17092006	1	2494	2115
18092006	1	2589	2472
19092006	1	2656	2642
20092006	1	2509	2618
21092006	1	2576	2606
22092006	1	2627	2603
23092006	1	2589	2467
24092006	1	2603	2110
25092006	1	2607	2488
26092006	1	2697	2555
27092006	1	2628	2590
28092006	1	2645	2570
29092006	1	2591	2530
30092006	1	2647	2287
01102006	1	2582	1692
02102006	1	2630	2270
03102006	1	2623	2566
04102006	1	2570	2611
05102006	1	2542	2598
06102006	1	2529	2661
07102006	1	2379	2511
08102006	1	2278	2141
09102006	1	2448	2530
10102006	1	2453	2671
11102006	1	2384	2683
12102006	1	2426	2353
13102006	1	2331	2420
14102006	1	2381	2467
15102006	1	2341	2094
16102006	1	2406	2567
17102006	1	2347	2624
18102006	1	2913	2696
19102006	1	2921	2512
20102006	1	2662	2582
21102006	1	2430	2517
22102006	1	2487	2133
23102006	1	2142	2564
24102006	1	2318	2586
25102006	1	2158	2669
26102006	1	1968	2702
27102006	1	2398	2532
28102006	1	2149	2335
29102006	1	1977	2004
30102006	1	2550	2464
31102006	1	2300	2446
01112006	1	1997	2072
02112006	1	1973	2428
03112006	1	1931	2375
04112006	1	1912	2326
05112006	1	1910	2009
06112006	1	2142	2564
07112006	1	2318	2586
08112006	1	2158	2669
09112006	1	1968	2702
10112006	1	2398	2532
11112006	1	2149	2335
12112006	1	1977	2004
13112006	1	2550	2464
14112006	1	2300	2446
15112006	1	1997	2072
16112006	1	1973	2428
17112006	1	1931	2375
18112006	1	1912	2326
19112006	1	1910	2009
20112006	1	1803	2428
21112006	1	1865	2465
22112006	1	1778	2474
23112006	1	1758	2468
24112006	1	1806	2633
25112006	1	1823	2472
26112006	1	1834	2145
27112006	1	1798	2532
28112006	1	1712	2540
29112006	1	2421	2551
30112006	1	2670	2524
01122006	1	2405	2669
02122006	1	2369	2465
03122006	1	2409	2195
04122006	1	2550	2484
05122006	1	2440	2714
06122006	1	2699	2792
07122006	1	2516	2574
08122006	1	2465	2579
09122006	1	2642	2407
10122006	1	2430	2113
11122006	1	2632	2516
12122006	1	2720	2662
13122006	1	2731	2610
14122006	1	2689	2593
15122006	1	2720	2541
16122006	1	2737	2358
17122006	1	2666	2232
18122006	1	2671	2467
19122006	1	2723	2644
20122006	1	2758	2658
21122006	1	2780	2440
22122006	1	2872	2658
23122006	1	2819	2369
24122006	1	2697	2235
25122006	1	2659	2010
26122006	1	2680	2444
27122006	1	2289	2522
28122006	1	2229	2457
29122006	1	2287	2387
30122006	1	2295	2312
31122006	1	2097	2154
01012007	1	2070	1992
02012007	1	2069	2457
03012007	1	2218	2411
04012007	1	2362	2613
05012007	1	2368	2684
06012007	1	2353	2391
07012007	1	2385	2046
08012007	1	2470	2600
09012007	1	2634	2706
10012007	1	2461	2672
11012007	1	2762	2528
12012007	1	2543	2669
13012007	1	2472	2478
14012007	1	2424	2301
15012007	1	2795	2461
16012007	1	2732	2439
17012007	1	2651	2566
18012007	1	2747	2502
19012007	1	2813	2574
20012007	1	2500	2331
21012007	1	2809	2330
22012007	1	2832	2489
23012007	1	2866	2787
24012007	1	2988	2766
25012007	1	3013	2696
26012007	1	3491	2771
27012007	1	3458	2806
28012007	1	3497	2817
29012007	1	3489	3079
30012007	1	3547	3168
31012007	1	4005	3467
01022007	1	4043	3529
02022007	1	4540	3547
03022007	1	4446	4058
04022007	1	4924	4054
05022007	1	4986	4401
06022007	1	4968	4523
07022007	1	5532	5069
08022007	1	5560	5511
09022007	1	5988	6056
10022007	1	6010	6018
11022007	1	5981	6011
12022007	1	6008	5999
13022007	1	5810	6004
14022007	1	4770	6043
15022007	1	4175	6030
16022007	1	5252	6017
17022007	1	6056	6045
18022007	1	6013	6021
19022007	1	5930	5999
20022007	1	5942	6001
21022007	1	6059	6023
22022007	1	6016	6069
23022007	1	6098	6011
24022007	1	5995	6040
25022007	1	6023	6034
26022007	1	5974	6035
27022007	1	5966	6011
28022007	1	5989	6086
01032007	1	5908	6334
02032007	1	6002	6303
03032007	1	6002	6268
04032007	1	6002	6307
05032007	1	5984	6266
06032007	1	6043	6275
07032007	1	6002	6257
08032007	1	6002	6295
09032007	1	5973	6311
10032007	1	5921	6307
11032007	1	5953	6338
12032007	1	5930	6259
13032007	1	6032	6259
14032007	1	6002	5805
15032007	1	5458	5456
16032007	1	6002	4903
17032007	1	6002	4992
18032007	1	6002	4954
19032007	1	4921	5007
20032007	1	4556	4906
21032007	1	6002	4581
22032007	1	6002	4470
23032007	1	6002	3989
24032007	1	3881	3973
25032007	1	3954	3448
26032007	1	3499	3510
27032007	1	2825	2780
28032007	1	2801	2646
29032007	1	2468	2429
30032007	1	2506	2384
31032007	1	2579	2258
01042007	1	2500	1860
02042007	1	2529	2380
03042007	1	2467	2426
04042007	1	1980	2504
05042007	1	1818	2381
06042007	1	1777	1863
07042007	1	1625	2380
08042007	1	1609	1946
09042007	1	2085	2380
10042007	1	2144	2378
11042007	1	2333	2293
12042007	1	2385	2297
13042007	1	2543	2273
14042007	1	2534	2182
15042007	1	2496	2297
16042007	1	2825	2189
17042007	1	2896	2148
18042007	1	2896	2083
19042007	1	2812	2117
20042007	1	2830	2034
21042007	1	2805	1914
22042007	1	2606	1728
23042007	1	2625	2022
24042007	1	2806	2007
25042007	1	2313	2061
26042007	1	1825	1955
27042007	1	1815	1892
28042007	1	1812	1851
29042007	1	1798	1667
30042007	1	1707	1961
01052007	1	1738	1655
02052007	1	1745	1944
03052007	1	1820	1930
04052007	1	1808	1966
05052007	1	1817	1927
06052007	1	1783	1827
07052007	1	1826	1923
08052007	1	1821	1937
09052007	1	1823	2296
10052007	1	1984	2350
11052007	1	2280	2324
12052007	1	2254	1925
13052007	1	2288	1768
14052007	1	2311	2125
15052007	1	2396	1848
16052007	1	2280	1884
17052007	1	2392	1887
18052007	1	2076	1907
19052007	1	1789	1886
20052007	1	1859	1888
21052007	1	1787	1918
22052007	1	1853	1956
23052007	1	2181	2175
24052007	1	2227	2296
25052007	1	2221	2316
26052007	1	2217	2203
27052007	1	2043	1950
28052007	1	2272	2339
29052007	1	2529	2409
30052007	1	2518	2388
31052007	1	2512	2300
01062007	1	2539	2307
02062007	1	2199	2105
03062007	1	1981	1811
04062007	1	2289	2305
05062007	1	2306	2350
06062007	1	2333	2606
07062007	1	2290	2250
08062007	1	2302	2543
09062007	1	2232	2291
10062007	1	1971	2186
11062007	1	2259	2470
12062007	1	2445	2474
13062007	1	2337	2335
14062007	1	2420	2341
15062007	1	2418	2293
16062007	1	2056	2386
17062007	1	2054	2059
18062007	1	2487	2402
19062007	1	2436	2115
20062007	1	2448	2038
21062007	1	2446	2073
22062007	1	2426	2104
23062007	1	2184	2008
24062007	1	1938	1802
25062007	1	2305	2136
26062007	1	2246	2203
27062007	1	2219	2136
28062007	1	2232	2158
29062007	1	2217	2112
30062007	1	2293	2272
01072007	1	2306	2200
02072007	1	2627	2516
03072007	1	2623	2557
04072007	1	2594	2655
05072007	1	2611	2510
06072007	1	2621	2601
07072007	1	2557	2523
08072007	1	2556	2077
09072007	1	2608	2394
10072007	1	2634	2641
11072007	1	2667	2665
12072007	1	2749	2562
13072007	1	2653	2505
14072007	1	2606	2350
15072007	1	2611	2074
16072007	1	2541	2403
17072007	1	2567	2586
18072007	1	2489	2552
19072007	1	2454	2579
20072007	1	2505	2608
21072007	1	2396	2419
22072007	1	2382	2160
23072007	1	2403	2461
24072007	1	2632	2553
25072007	1	2507	2559
26072007	1	2767	2389
27072007	1	2698	2488
28072007	1	2090	2059
29072007	1	1952	1924
30072007	1	2023	2044
31072007	1	2046	2060
01082007	1	1943	1924
02082007	1	1994	1916
03082007	1	1921	2009
04082007	1	1896	1924
05082007	1	1781	1924
06082007	1	1789	1924
07082007	1	1836	2095
08082007	1	1849	2023
09082007	1	1820	2078
10082007	1	1858	2046
11082007	1	1802	1924
12082007	1	1793	1924
13082007	1	1802	1924
14082007	1	1808	1960
15082007	1	1933	1924
16082007	1	1890	1914
17082007	1	1910	2091
18082007	1	1843	1856
19082007	1	1851	1924
20082007	1	2018	1924
21082007	1	2113	2055
22082007	1	2130	1924
23082007	1	2117	1923
24082007	1	2115	2209
25082007	1	2103	1924
26082007	1	2087	1924
27082007	1	2193	2200
28082007	1	2190	2120
29082007	1	2206	2132
30082007	1	2204	2140
31082007	1	2264	2352
01092007	1	2223	2413
02092007	1	2465	2141
03092007	1	2697	2563
04092007	1	2753	2499
05092007	1	2716	2597
06092007	1	2737	2570
07092007	1	2718	2215
08092007	1	2750	2316
09092007	1	2719	2141
10092007	1	2732	2593
11092007	1	2733	2560
12092007	1	3018	2614
13092007	1	2914	2587
14092007	1	2868	2585
15092007	1	2821	2484
16092007	1	2503	2174
17092007	1	2364	2636
18092007	1	2162	2681
19092007	1	2245	2648
20092007	1	2188	2662
21092007	1	2235	2582
22092007	1	2126	2315
23092007	1	2137	2120
24092007	1	2230	2623
25092007	1	2183	2598
26092007	1	2256	2620
27092007	1	2223	2655
28092007	1	2230	2667
29092007	1	2214	2561
30092007	1	2170	2133
01102007	1	2219	2558
02102007	1	2210	2612
03102007	1	2198	2587
04102007	1	2233	2742
05102007	1	2337	2640
06102007	1	2539	2588
07102007	1	2501	2343
08102007	1	2532	2537
09102007	1	2834	2678
10102007	1	2758	2618
11102007	1	2833	2621
12102007	1	2483	2486
13102007	1	2501	2435
14102007	1	2374	2343
15102007	1	2639	2624
16102007	1	2947	2597
17102007	1	2811	2724
18102007	1	2935	2740
19102007	1	2856	2762
20102007	1	2868	2551
21102007	1	2646	2296
22102007	1	2655	2546
23102007	1	2873	2691
24102007	1	2861	2708
25102007	1	2817	2791
26102007	1	2662	2759
27102007	1	2418	2724
28102007	1	2491	2354
29102007	1	2449	2700
30102007	1	2453	2801
31102007	1	2449	2827
01112007	1	2446	2813
02112007	1	2396	2604
03112007	1	2349	2641
04112007	1	2277	2527
05112007	1	2155	2673
06112007	1	2414	2775
07112007	1	2461	2810
08112007	1	2674	2809
09112007	1	2666	2810
10112007	1	2480	2762
11112007	1	2497	2419
12112007	1	2472	2797
13112007	1	2405	2725
14112007	1	2426	2643
15112007	1	2163	2408
16112007	1	2015	2482
17112007	1	1933	2367
18112007	1	1888	2109
19112007	1	2042	2459
20112007	1	2061	2581
21112007	1	2038	2593
22112007	1	2016	2664
23112007	1	2042	2645
24112007	1	1933	2390
25112007	1	1918	2199
26112007	1	2069	2593
27112007	1	2240	2830
28112007	1	2042	2616
29112007	1	2032	2471
30112007	1	2047	2470
01122007	1	1910	2259
02122007	1	1909	2077
03122007	1	2095	2471
04122007	1	2038	2534
05122007	1	2059	2520
06122007	1	2029	2366
07122007	1	1840	2344
08122007	1	1680	2208
09122007	1	1738	1924
10122007	1	1811	2239
11122007	1	1820	2243
12122007	1	1818	2303
13122007	1	1792	2107
14122007	1	1644	2250
15122007	1	1403	2094
16122007	1	1314	1916
17122007	1	1316	2057
18122007	1	1305	2024
19122007	1	1316	2206
20122007	1	1326	2343
21122007	1	1329	2149
22122007	1	1311	2006
23122007	1	1299	1805
24122007	1	1301	2052
25122007	1	1303	1712
26122007	1	1279	2003
27122007	1	1325	2046
28122007	1	1304	1972
29122007	1	1308	1969
30122007	1	1300	1720
31122007	1	1313	1647
01012008	1	1322	1498
02012008	1	1315	1474
03012008	1	1320	1374
04012008	1	1336	1382
05012008	1	1443	1424
06012008	1	1302	1348
07012008	1	1421	1471
08012008	1	1574	1518
09012008	1	1542	1566
10012008	1	1503	1391
11012008	1	1532	1323
12012008	1	1340	1306
13012008	1	1388	1300
14012008	1	1388	1310
15012008	1	1396	1296
16012008	1	1337	1328
17012008	1	1343	1294
18012008	1	1351	1323
19012008	1	1361	1316
20012008	1	1359	1316
21012008	1	1340	1317
22012008	1	1355	1298
23012008	1	1356	1320
24012008	1	1365	1315
25012008	1	1387	1322
26012008	1	1207	1209
27012008	1	1214	1207
28012008	1	1206	1208
29012008	1	1192	1197
30012008	1	1208	1196
31012008	1	1203	1204
01022008	1	1211	1216
02022008	1	1101	1102
03022008	1	1101	1104
04022008	1	1108	1105
05022008	1	1081	1104
06022008	1	1101	1104
07022008	1	1112	1184
08022008	1	1119	1116
09022008	1	1114	1111
10022008	1	1108	1111
11022008	1	1120	1111
12022008	1	1113	1110
13022008	1	1114	1112
14022008	1	1114	1137
15022008	1	1117	1119
16022008	1	1119	1111
17022008	1	1119	1126
18022008	1	1118	1118
19022008	1	1127	1130
20022008	1	1120	1118
21022008	1	1115	1125
22022008	1	1123	1123
23022008	1	1110	1113
24022008	1	1108	1112
25022008	1	1106	1145
26022008	1	1105	1149
27022008	1	1107	1145
28022008	1	1109	1117
29022008	1	1099	1108
01032008	1	1104	1130
02032008	1	1105	1122
03032008	1	1106	1110
04032008	1	1095	1122
05032008	1	1107	1147
06032008	1	1115	1116
07032008	1	1120	1120
08032008	1	1121	1123
09032008	1	1121	1120
10032008	1	1111	1125
11032008	1	1115	1112
12032008	1	1121	1134
13032008	1	1120	1119
14032008	1	1147	1271
15032008	1	1126	1121
16032008	1	1116	1114
17032008	1	1119	1120
18032008	1	1114	1110
19032008	1	1168	1248
20032008	1	1039	1095
21032008	1	1120	1109
22032008	1	1117	1118
23032008	1	1128	1120
24032008	1	1120	1114
25032008	1	1119	1124
26032008	1	1123	1111
27032008	1	1120	1126
28032008	1	1122	1122
29032008	1	1114	1146
30032008	1	1123	1187
31032008	1	1123	1144
01042008	1	1118	1141
02042008	1	1137	1009
03042008	1	1123	1264
04042008	1	1167	1834
05042008	1	1105	2111
06042008	1	1123	2258
07042008	1	1114	2272
08042008	1	1116	1859
09042008	1	1129	1721
10042008	1	1136	1598
11042008	1	1457	1442
12042008	1	1410	1424
13042008	1	1402	1422
14042008	1	1422	1432
15042008	1	1320	1354
16042008	1	1333	1359
17042008	1	1323	1369
18042008	1	1318	1310
19042008	1	1122	1265
20042008	1	1122	1109
21042008	1	1133	1148
22042008	1	1128	1112
23042008	1	1130	1155
24042008	1	1122	1163
25042008	1	1127	1218
26042008	1	1125	1231
27042008	1	1126	1189
28042008	1	1130	1204
29042008	1	1129	1216
30042008	1	1131	1235
01052008	1	1324	1331
02052008	1	1340	1324
03052008	1	1343	1300
04052008	1	1338	1319
05052008	1	1336	1320
06052008	1	1402	1426
07052008	1	1331	1334
08052008	1	1343	1315
09052008	1	1331	1328
10052008	1	1342	1321
11052008	1	1323	1322
12052008	1	1327	1311
13052008	1	1330	1309
14052008	1	1333	1301
15052008	1	1327	1275
16052008	1	1340	1306
17052008	1	1331	1339
18052008	1	1339	1321
19052008	1	1333	1333
20052008	1	1331	1427
21052008	1	1333	1346
22052008	1	1335	1364
23052008	1	1340	1365
24052008	1	1331	1389
25052008	1	1328	1405
26052008	1	1338	1394
27052008	1	1349	1416
28052008	1	1337	1343
29052008	1	1335	1350
30052008	1	1346	1389
31052008	1	1342	1358
01062008	1	1342	1411
02062008	1	1342	1397
03062008	1	1341	1374
04062008	1	1338	1353
05062008	1	1339	1352
06062008	1	1335	1340
07062008	1	1344	1444
08062008	1	1342	1364
09062008	1	1343	1395
10062008	1	1350	1610
11062008	1	1350	1485
12062008	1	1340	1536
13062008	1	1358	1579
14062008	1	1413	1428
15062008	1	1435	1383
16062008	1	1517	1721
17062008	1	1617	1507
18062008	1	1625	1473
19062008	1	1634	1533
20062008	1	1607	1510
21062008	1	1628	1389
22062008	1	1713	1378
23062008	1	1631	1658
24062008	1	1599	1430
25062008	1	1632	1561
26062008	1	1614	1424
27062008	1	1677	1387
28062008	1	2060	1443
29062008	1	1999	1342
30062008	1	2009	1391
01072008	1	1706	1429
02072008	1	1495	1432
03072008	1	1419	1615
04072008	1	1361	1692
05072008	1	1346	1765
06072008	1	1342	1345
07072008	1	1412	1655
08072008	1	1338	1567
09072008	1	1421	1470
10072008	1	1423	1552
11072008	1	1408	1574
12072008	1	1418	1505
13072008	1	1405	1275
14072008	1	1422	1462
15072008	1	1425	1469
16072008	1	1425	1405
17072008	1	1456	1347
18072008	1	1393	1518
19072008	1	1494	1373
20072008	1	1410	1320
21072008	1	1431	1454
22072008	1	1375	1466
23072008	1	1447	1580
24072008	1	1497	1581
25072008	1	1520	1647
26072008	1	1518	1526
27072008	1	1519	1644
28072008	1	1522	1616
29072008	1	1621	1780
30072008	1	1627	1761
31072008	1	1735	1749
01082008	1	1803	1886
02082008	1	1828	1660
03082008	1	1749	1667
04082008	1	2002	1875
05082008	1	1923	1887
06082008	1	1979	1910
07082008	1	2004	1984
08082008	1	2039	1865
09082008	1	2035	1784
10082008	1	2034	1697
11082008	1	2033	2076
12082008	1	2252	2138
13082008	1	2369	2186
14082008	1	2474	2216
15082008	1	2393	2230
16082008	1	2098	1881
17082008	1	2059	1572
18082008	1	2310	2061
19082008	1	2284	2198
20082008	1	2284	2195
21082008	1	2293	2267
22082008	1	2284	2267
23082008	1	1707	1929
24082008	1	1961	1565
25082008	1	2258	2089
26082008	1	2145	2247
27082008	1	2069	2242
28082008	1	2101	2243
29082008	1	2156	2240
30082008	1	1788	2154
31082008	1	1835	1625
01092008	1	2126	2119
02092008	1	2176	2198
03092008	1	2136	2155
04092008	1	2113	2185
05092008	1	2114	2261
06092008	1	1807	2006
07092008	1	1814	1595
08092008	1	2105	2148
09092008	1	2088	2075
10092008	1	2165	2167
11092008	1	2162	2107
12092008	1	2187	2136
13092008	1	1836	2046
14092008	1	1823	1765
15092008	1	2156	2075
16092008	1	2187	2111
17092008	1	2137	2095
18092008	1	2112	2033
19092008	1	2138	2061
20092008	1	1723	1909
21092008	1	1697	1595
22092008	1	2119	1907
23092008	1	2026	1968
24092008	1	2144	2054
25092008	1	2101	2038
26092008	1	2090	2038
27092008	1	1707	1945
28092008	1	1712	1583
29092008	1	2091	2026
30092008	1	2175	2093
01102008	1	2062	2152
02102008	1	2061	2116
03102008	1	2106	2045
04102008	1	1719	1913
05102008	1	1710	1546
06102008	1	1926	1884
07102008	1	1937	2311
08102008	1	1959	2275
09102008	1	1926	2350
10102008	1	1911	2596
11102008	1	1864	2151
12102008	1	1913	1983
13102008	1	2173	2231
14102008	1	2035	2431
15102008	1	2263	2453
16102008	1	2303	2488
17102008	1	2289	2525
18102008	1	2071	2224
19102008	1	1923	1815
20102008	1	2122	2293
21102008	1	2235	2424
22102008	1	2288	2511
23102008	1	2302	2591
24102008	1	2644	2782
25102008	1	2314	2450
26102008	1	2290	2058
27102008	1	2857	2570
28102008	1	2574	2705
29102008	1	2692	2722
30102008	1	2382	2727
31102008	1	2418	2718
01112008	1	2462	2395
02112008	1	2475	1995
03112008	1	2526	2533
04112008	1	2383	2707
05112008	1	2574	2692
06112008	1	2480	2710
07112008	1	2465	2739
08112008	1	2235	2549
09112008	1	2211	2159
10112008	1	2332	2469
11112008	1	2303	2774
12112008	1	2368	2592
13112008	1	2377	2378
14112008	1	2366	2349
15112008	1	2154	1674
16112008	1	2008	1515
17112008	1	2166	2202
18112008	1	2182	2382
19112008	1	1737	2442
20112008	1	1698	2332
21112008	1	1700	2191
22112008	1	1740	1879
23112008	1	1529	1590
24112008	1	1726	2065
25112008	1	1723	2209
26112008	1	1613	2249
27112008	1	1622	2232
28112008	1	1563	2205
29112008	1	1643	1819
30112008	1	1612	1594
01122008	1	1594	2128
02122008	1	1603	2190
03122008	1	1650	2180
04122008	1	1618	2222
05122008	1	1619	1990
06122008	1	1556	1677
07122008	1	1592	1508
08122008	1	1574	1769
09122008	1	1605	1901
10122008	1	1524	2162
11122008	1	1473	2039
12122008	1	1450	2041
13122008	1	1444	1786
14122008	1	1452	1563
15122008	1	1658	2108
16122008	1	1629	2139
17122008	1	1787	2056
18122008	1	1858	2007
19122008	1	1874	1986
20122008	1	1901	1658
21122008	1	1763	1503
22122008	1	2057	1869
23122008	1	2031	1838
24122008	1	2113	1545
25122008	1	1535	1463
26122008	1	1394	1471
27122008	1	1389	1462
28122008	1	1522	1425
29122008	1	1443	1698
30122008	1	1335	1541
31122008	1	1340	1506
01012009	1	1312	1348
02012009	1	1331	1352
03012009	1	1342	1279
04012009	1	1329	1341
05012009	1	1346	1523
06012009	1	1327	1564
07012009	1	1330	1406
08012009	1	1346	1469
09012009	1	1381	1710
10012009	1	1373	1370
11012009	1	1338	1334
12012009	1	1381	1418
13012009	1	1469	1484
14012009	1	1683	1524
15012009	1	1520	1571
16012009	1	1524	1668
17012009	1	1497	1587
18012009	1	1512	1489
19012009	1	1493	1376
20012009	1	1462	1366
21012009	1	1496	1409
22012009	1	1460	1362
23012009	1	1446	1409
24012009	1	1484	1335
25012009	1	1430	1331
26012009	1	1416	1329
27012009	1	1432	1335
28012009	1	1406	1458
29012009	1	1436	1508
30012009	1	1431	1510
31012009	1	1470	1406
01022009	1	1439	1353
02022009	1	1446	1547
03022009	1	1465	1978
04022009	1	1471	1907
05022009	1	1453	2022
06022009	1	1452	2050
07022009	1	1359	1880
08022009	1	1439	1572
09022009	1	1436	2112
10022009	1	1719	2173
11022009	1	1971	2167
12022009	1	2476	2311
13022009	1	2309	2137
14022009	1	2151	1602
15022009	1	2112	1392
16022009	1	2368	1756
17022009	1	2309	1809
18022009	1	2127	1544
19022009	1	2082	1831
20022009	1	2027	1779
21022009	1	1852	1586
22022009	1	1841	1407
23022009	1	1783	1312
24022009	1	1835	1334
25022009	1	1818	1491
26022009	1	2142	1762
27022009	1	1864	1860
28022009	1	1788	1709
01032009	1	1651	1330
02032009	1	1692	1725
03032009	1	1736	1876
04032009	1	1770	1940
05032009	1	1847	2026
06032009	1	2110	2006
07032009	1	2061	1701
08032009	1	2000	1535
09032009	1	2083	1910
10032009	1	2081	1995
11032009	1	2087	1956
12032009	1	2076	2014
13032009	1	2077	2119
14032009	1	1986	1867
15032009	1	1993	1613
16032009	1	1986	1969
17032009	1	1654	1974
18032009	1	1792	1902
19032009	1	1830	1958
20032009	1	1793	1995
21032009	1	1788	1939
22032009	1	1557	1517
23032009	1	1822	1936
24032009	1	1851	2021
25032009	1	1806	2108
26032009	1	1845	2101
27032009	1	1916	2090
28032009	1	1792	1646
29032009	1	1507	1434
30032009	1	1808	1790
31032009	1	1961	1754
01042009	1	1842	1780
02042009	1	1810	1774
03042009	1	1810	1698
04042009	1	1773	1682
05042009	1	1634	1489
06042009	1	1879	1651
07042009	1	1853	1907
08042009	1	1855	1881
09042009	1	1756	1756
10042009	1	1452	1328
11042009	1	1546	1326
12042009	1	1386	1339
13042009	1	1814	1502
14042009	1	1814	1579
15042009	1	1809	1902
16042009	1	1826	2592
17042009	1	1816	2461
18042009	1	1828	2203
19042009	1	1824	1939
20042009	1	1835	1966
21042009	1	1913	1868
22042009	1	2294	1984
23042009	1	2470	1711
24042009	1	2684	1748
25042009	1	2713	1540
26042009	1	2686	1545
27042009	1	2994	1675
28042009	1	3415	2227
29042009	1	4035	2353
30042009	1	3519	2813
01052009	1	3001	2974
02052009	1	2284	2983
03052009	1	2147	2354
04052009	1	2368	2077
05052009	1	3235	2079
06052009	1	3020	2410
07052009	1	2697	2549
08052009	1	2696	2747
09052009	1	2705	3015
10052009	1	2694	3055
11052009	1	2439	3050
12052009	1	2225	3449
13052009	1	2125	3497
14052009	1	2101	3028
15052009	1	2297	2736
16052009	1	2321	2394
17052009	1	2822	2179
18052009	1	2722	2462
19052009	1	2670	2899
20052009	1	2238	2725
21052009	1	2005	2912
22052009	1	2019	2864
23052009	1	2098	2850
24052009	1	2080	2411
25052009	1	2209	2459
26052009	1	2143	2379
27052009	1	2200	2496
28052009	1	2227	2538
29052009	1	2225	2336
30052009	1	2022	2117
31052009	1	1807	1833
01062009	1	2014	2361
02062009	1	2187	2337
03062009	1	2203	2270
04062009	1	2206	2229
05062009	1	1996	2262
06062009	1	1819	2052
07062009	1	1687	1679
08062009	1	1868	2111
09062009	1	1946	2202
10062009	1	1938	2264
11062009	1	1870	1850
12062009	1	1948	2198
13062009	1	1889	2072
14062009	1	1741	1694
15062009	1	2039	2246
16062009	1	1942	2229
17062009	1	2020	2271
18062009	1	2147	2210
19062009	1	2086	2267
20062009	1	2084	2190
21062009	1	2017	1825
22062009	1	2288	2062
23062009	1	2297	2059
24062009	1	2290	1871
25062009	1	2339	2113
26062009	1	2293	2277
27062009	1	2304	2177
28062009	1	2262	1854
29062009	1	2226	2419
30062009	1	2395	2415
01072009	1	2272	2416
02072009	1	2336	2333
03072009	1	2119	2509
04072009	1	2273	2258
05072009	1	2001	1676
06072009	1	2699	2660
07072009	1	2286	2200
08072009	1	2329	2184
09072009	1	2289	2165
10072009	1	2262	2218
11072009	1	2039	2241
12072009	1	2030	1891
13072009	1	2028	2122
14072009	1	2019	2211
15072009	1	2034	2256
16072009	1	2051	2116
17072009	1	2050	2355
18072009	1	2012	2156
19072009	1	1964	1864
20072009	1	1942	2313
21072009	1	2306	2301
22072009	1	2388	2319
23072009	1	2409	2217
24072009	1	2386	2129
25072009	1	2385	1994
26072009	1	1987	1797
27072009	1	2751	2157
28072009	1	2105	2150
29072009	1	2119	2005
30072009	1	2095	1984
31072009	1	2109	2093
01082009	1	1819	1898
02082009	1	1791	1578
03082009	1	1973	2140
04082009	1	2062	2092
05082009	1	1869	2341
06082009	1	1824	2350
07082009	1	1979	2372
08082009	1	1894	2046
09082009	1	1798	1811
10082009	1	1829	2239
11082009	1	1992	2225
12082009	1	1979	2174
13082009	1	1994	2163
14082009	1	2060	2225
15082009	1	1985	1920
16082009	1	1969	1635
17082009	1	1974	2107
18082009	1	2016	2238
19082009	1	1996	2307
20082009	1	2006	2161
21082009	1	2008	2106
22082009	1	1953	1980
23082009	1	1932	1758
24082009	1	1856	2090
25082009	1	1991	2152
26082009	1	1912	2063
27082009	1	2021	1985
28082009	1	1888	1911
29082009	1	1884	1589
30082009	1	2029	1583
31082009	1	1963	1847
01092009	1	1980	1903
02092009	1	2042	2013
03092009	1	1987	2070
04092009	1	2004	2028
05092009	1	1857	1655
06092009	1	1868	1717
07092009	1	1853	1602
08092009	1	2000	1922
09092009	1	1911	1894
10092009	1	1881	1904
11092009	1	1907	1809
12092009	1	1981	1604
13092009	1	1822	1588
14092009	1	1898	2006
15092009	1	1968	2071
16092009	1	1951	2017
17092009	1	1955	1946
18092009	1	1946	2016
19092009	1	1671	1847
20092009	1	1715	1859
21092009	1	1932	2025
22092009	1	2143	2194
23092009	1	2093	2309
24092009	1	2280	2282
25092009	1	2340	2383
26092009	1	2115	2012
27092009	1	2116	1869
28092009	1	2363	2331
29092009	1	2403	2438
30092009	1	2338	2441
01102009	1	2370	2299
02102009	1	2275	2270
03102009	1	1917	1925
04102009	1	1933	1657
05102009	1	2317	2253
06102009	1	2338	2514
07102009	1	2283	2556
08102009	1	2412	2549
09102009	1	2265	2536
10102009	1	1850	2128
11102009	1	1625	1554
12102009	1	1801	1464
13102009	1	2094	2201
14102009	1	2101	2417
15102009	1	2222	2532
16102009	1	2239	2482
17102009	1	1900	2122
18102009	1	1993	1710
19102009	1	2317	2313
20102009	1	2460	2697
21102009	1	2322	2413
22102009	1	2309	2565
23102009	1	2280	2578
24102009	1	2310	2441
25102009	1	1806	1962
26102009	1	2395	2350
27102009	1	2342	2335
28102009	1	2371	2119
29102009	1	2429	2199
30102009	1	2517	2188
31102009	1	2190	2037
01112009	1	1649	1629
02112009	1	2058	1532
03112009	1	2171	2114
04112009	1	2218	2272
05112009	1	2173	2203
06112009	1	2107	2220
07112009	1	2127	2101
08112009	1	1890	1874
09112009	1	2146	2293
10112009	1	2188	2574
11112009	1	2087	2595
12112009	1	2098	2469
13112009	1	1963	2458
14112009	1	1987	2383
15112009	1	1594	1965
16112009	1	2035	2289
17112009	1	2228	2287
18112009	1	1857	2513
19112009	1	1865	2484
20112009	1	1806	2434
21112009	1	1833	2355
22112009	1	1639	2185
23112009	1	1885	2472
24112009	1	1967	2528
25112009	1	1855	2581
26112009	1	2071	2542
27112009	1	2015	2602
28112009	1	1972	2459
29112009	1	1984	2062
30112009	1	1983	2455
01122009	1	2330	2591
02122009	1	2442	2471
03122009	1	2429	2352
04122009	1	2433	2285
05122009	1	2328	2149
06122009	1	2294	1757
07122009	1	2413	2071
08122009	1	2146	1826
09122009	1	2051	2065
10122009	1	1955	2074
11122009	1	1823	1940
12122009	1	1713	2019
13122009	1	1664	1946
14122009	1	1945	2091
15122009	1	1879	2241
16122009	1	1909	2317
17122009	1	2009	2545
18122009	1	2063	2371
19122009	1	1934	2005
20122009	1	1918	1947
21122009	1	2002	2287
22122009	1	2269	2273
23122009	1	2190	2291
24122009	1	1890	2001
25122009	1	1783	1445
26122009	1	1814	1654
27122009	1	1753	1537
28122009	1	1795	1973
29122009	1	2176	2001
30122009	1	2190	2008
31122009	1	2067	1749
